group,ID,trial,targetangle_deg,arcangle_deg,homex_cm,homey_cm,handx_cm,handy_cm,tapx_cm,tapy_cm,block,time_ms,selected,active
aging_implicit,jc_2309,91,124.06,90,0,0,-6.7452,9.9758,-5.92980506010096,9.46441493129802,1,12913,1,1
aging_implicit,jc_2309,92,137.75,130,0,0,-8.899,8.0836,-7.28750506010096,8.83341493129802,1,5518,1,1
aging_implicit,jc_2309,93,75.932,50,0,0,2.9388,11.728,6.74219493989904,9.89441493129802,1,4864,1,1
aging_implicit,jc_2309,94,35.688,50,0,0,9.8,7.0389,12.124994939899,5.16411493129801,1,4382,1,1
aging_implicit,jc_2309,95,98.195,90,0,0,-1.7159,11.914,-0.308405060100957,12.072414931298,1,4012,1,1
aging_implicit,jc_2309,96,123.49,130,0,0,-6.6722,10.085,-7.90680506010096,9.09141493129802,1,4049,1,1
aging_implicit,jc_2309,97,111.64,90,0,0,-4.4466,11.21,-4.85790506010096,9.75041493129801,1,3569,1,1
aging_implicit,jc_2309,98,72.43,50,0,0,3.6386,11.492,5.97989493989904,9.03441493129801,1,4212,1,1
aging_implicit,jc_2309,99,114.03,130,0,0,-4.898,10.985,-5.11990506010096,9.57841493129801,1,4449,1,1
aging_implicit,jc_2309,100,81.792,50,0,0,1.7196,11.921,5.69409493989904,9.52141493129801,1,4709,1,1
aging_implicit,jc_2309,101,120.3,130,0,0,-6.101,10.441,-4.73880506010096,12.072414931298,1,4248,1,1
aging_implicit,jc_2309,102,97.35,90,0,0,-1.5505,12.02,-0.260805060100957,11.442414931298,1,3849,1,1
aging_implicit,jc_2309,103,85.378,90,0,0,0.9805,12.128,2.74049493989904,10.008414931298,1,3649,1,1
aging_implicit,jc_2309,104,84.445,50,0,0,1.1776,12.108,1.54949493989904,10.582414931298,1,3469,1,1
aging_implicit,jc_2309,105,108.95,130,0,0,-3.8987,11.353,-4.14330506010096,11.298414931298,1,3941,1,1
aging_implicit,jc_2309,106,101.2,90,0,0,-2.35,11.874,-4.35770506010096,11.642414931298,1,3689,1,1
aging_implicit,jc_2309,107,80.578,50,0,0,1.9794,11.929,1.69239493989904,11.270414931298,1,3749,1,1
aging_implicit,jc_2309,108,102.52,130,0,0,-2.6245,11.823,-3.66693506010096,12.072414931298,1,4039,1,1
aging_implicit,jc_2309,235,130.03,130,0,0,-7.7828,9.2662,-11.265305060101,7.08471493129801,2,6858,1,1
aging_implicit,jc_2309,236,75.498,50,0,0,3.0778,11.899,5.07479493989904,11.499414931298,2,3737,1,1
aging_implicit,jc_2309,237,95.999,90,0,0,-1.2686,12.072,0.739694939899043,11.241414931298,2,3530,1,1
aging_implicit,jc_2309,238,109.83,130,0,0,-4.1139,11.406,-4.54830506010096,10.754414931298,2,3591,1,1
aging_implicit,jc_2309,239,76.297,50,0,0,2.8491,11.685,7.59999493989904,9.43541493129802,2,3948,1,1
aging_implicit,jc_2309,240,86.879,90,0,0,0.656,12.033,5.88469493989904,9.49241493129801,2,3936,1,1
aging_implicit,jc_2309,241,91.628,90,0,0,-0.3431,12.069,1.33519493989904,10.897414931298,2,3809,1,1
aging_implicit,jc_2309,242,73.688,50,0,0,3.3947,11.6,5.81319493989904,9.60741493129801,2,3591,1,1
aging_implicit,jc_2309,243,109.39,130,0,0,-3.9849,11.323,-2.88089706010096,11.098414931298,2,3509,1,1
aging_implicit,jc_2309,244,111.71,90,0,0,-4.4554,11.192,-5.00080506010096,11.384414931298,2,3389,1,1
aging_implicit,jc_2309,245,141.14,130,0,0,-9.3832,7.5593,-9.59800506010096,4.33271493129801,2,3609,1,1
aging_implicit,jc_2309,246,74.744,50,0,0,3.1719,11.63,7.69499493989904,9.09141493129802,2,3689,1,1
aging_implicit,jc_2309,247,114.47,130,0,0,-5.0204,11.03,-3.26200506010096,10.066414931298,2,3649,1,1
aging_implicit,jc_2309,248,104.31,90,0,0,-2.9878,11.714,-2.38068506010096,11.528414931298,2,3329,1,1
aging_implicit,jc_2309,249,51.529,50,0,0,7.4973,9.4351,10.933994939899,5.45071493129801,2,3835,1,1
aging_implicit,jc_2309,250,86.221,90,0,0,0.7978,12.08,-0.284605060100957,10.897414931298,2,4487,1,1
aging_implicit,jc_2309,251,110.82,130,0,0,-4.3003,11.306,-3.90510506010096,12.072414931298,2,3292,1,1
aging_implicit,jc_2309,252,70.664,50,0,0,4.0308,11.487,7.83799493989904,9.34941493129801,2,3569,1,1
aging_implicit,jc_2309,379,115.93,130,0,0,-5.2731,10.843,-3.64311506010096,12.072414931298,3,10577,1,1
aging_implicit,jc_2309,380,93.568,90,0,0,-0.7495,12.021,1.00169493989904,12.072414931298,3,4001,1,1
aging_implicit,jc_2309,381,74.58,50,0,0,3.1948,11.583,5.17009493989904,12.072414931298,3,4859,1,1
aging_implicit,jc_2309,382,124.55,130,0,0,-6.8164,9.8983,-7.74010506010096,8.11671493129801,3,4217,1,1
aging_implicit,jc_2309,383,100.85,90,0,0,-2.2625,11.803,0.263294939899043,10.954414931298,3,4009,1,1
aging_implicit,jc_2309,384,75.654,50,0,0,2.9893,11.688,6.55159493989904,9.72241493129802,3,4123,1,1
aging_implicit,jc_2309,385,88.78,90,0,0,0.2557,12.004,7.24199493989904,12.072414931298,3,3683,1,1
aging_implicit,jc_2309,386,62.08,50,0,0,5.6647,10.69,12.172994939899,5.36471493129801,3,3957,1,1
aging_implicit,jc_2309,387,131.64,130,0,0,-8.0095,9.0076,-11.003305060101,5.99541493129801,3,3649,1,1
aging_implicit,jc_2309,388,134.2,130,0,0,-8.4251,8.6637,-10.884205060101,5.19271493129801,3,3569,1,1
aging_implicit,jc_2309,389,62.233,50,0,0,5.6088,10.653,12.172994939899,4.30411493129801,3,5376,1,1
aging_implicit,jc_2309,390,94.927,90,0,0,-1.0354,12.012,5.28919493989904,9.69341493129802,3,3821,1,1
aging_implicit,jc_2309,391,130.53,130,0,0,-7.8213,9.1493,-10.693705060101,5.88071493129801,3,3419,1,1
aging_implicit,jc_2309,392,113.27,90,0,0,-4.8166,11.2,-3.26200506010096,12.072414931298,3,3649,1,1
aging_implicit,jc_2309,393,72.62,50,0,0,3.6073,11.525,8.90999493989904,7.62941493129801,3,3594,1,1
aging_implicit,jc_2309,394,108.93,130,0,0,-3.8928,11.353,-2.73798006010096,11.728414931298,3,3550,1,1
aging_implicit,jc_2309,395,103.3,90,0,0,-2.7761,11.743,-2.78561906010096,12.072414931298,3,3794,1,1
aging_implicit,jc_2309,396,62.732,50,0,0,5.5436,10.755,10.290994939899,7.91611493129801,3,3869,1,1
aging_implicit,jc_2309,523,108.73,90,0,0,-3.8591,11.38,-6.09650506010096,12.072414931298,4,4973,1,1
aging_implicit,jc_2309,524,69.869,50,0,0,4.1428,11.302,5.19389493989904,12.072414931298,4,3940,1,1
aging_implicit,jc_2309,525,103.02,130,0,0,-2.7308,11.812,-1.95193506010096,12.072414931298,4,4029,1,1
aging_implicit,jc_2309,526,64.966,50,0,0,5.0837,10.885,6.14669493989904,9.43541493129802,4,3942,1,1
aging_implicit,jc_2309,527,105.94,130,0,0,-3.3039,11.566,-4.02420506010096,12.072414931298,4,4670,1,1
aging_implicit,jc_2309,528,92.511,90,0,0,-0.5302,12.09,-0.761005060100957,12.072414931298,4,4472,1,1
aging_implicit,jc_2309,529,112.38,90,0,0,-4.5847,11.134,-6.54910506010096,12.072414931298,4,4049,1,1
aging_implicit,jc_2309,530,110.79,130,0,0,-4.3217,11.381,-6.28710506010096,12.072414931298,4,3949,1,1
aging_implicit,jc_2309,531,75.214,50,0,0,3.1366,11.883,6.67069493989904,10.152414931298,4,3804,1,1
aging_implicit,jc_2309,532,88.246,90,0,0,0.3718,12.144,2.93109493989904,11.499414931298,4,3649,1,1
aging_implicit,jc_2309,533,78.196,50,0,0,2.4812,11.872,5.50359493989904,10.094414931298,4,3854,1,1
aging_implicit,jc_2309,534,111.88,130,0,0,-4.5335,11.29,-3.97660506010096,12.072414931298,4,3654,1,1
aging_implicit,jc_2309,535,69.313,50,0,0,4.266,11.297,4.74129493989904,11.126414931298,4,3949,1,1
aging_implicit,jc_2309,536,94.694,90,0,0,-0.9903,12.06,-1.26120506010096,12.072414931298,4,3389,1,1
aging_implicit,jc_2309,537,112.66,130,0,0,-4.6981,11.251,-4.31010506010096,12.072414931298,4,3726,1,1
aging_implicit,jc_2309,538,110.43,130,0,0,-4.229,11.355,-4.23860506010096,12.072414931298,4,4879,1,1
aging_implicit,jc_2309,539,66.229,50,0,0,4.8494,11.01,6.55159493989904,9.89441493129802,4,3529,1,1
aging_implicit,jc_2309,540,90.075,90,0,0,-0.0158,12.091,0.00129493989904317,12.072414931298,4,3370,1,1
aging_implicit,jc_2309,139,122.13,90,0,0,-5.9662,9.4994,-8.48347362692205,9.55310022680752,1,4628,1,0
aging_implicit,jc_2309,140,139.05,130,0,0,-8.5448,7.4151,-9.86497362692205,7.20310022680751,1,3688,1,0
aging_implicit,jc_2309,141,74.841,50,0,0,2.9569,10.914,4.85552637307795,10.5281002268075,1,2930,1,0
aging_implicit,jc_2309,142,40.145,50,0,0,9,7.5909,10.905526373078,2.50140022680751,1,3109,1,0
aging_implicit,jc_2309,143,98.281,90,0,0,-1.6227,11.15,0.258226373077953,11.7031002268075,1,2989,1,0
aging_implicit,jc_2309,144,122.7,130,0,0,-6.0185,9.3761,-5.57749362692205,11.7031002268075,1,3069,1,0
aging_implicit,jc_2309,145,111.13,90,0,0,-4.0024,10.356,-5.93478262692205,11.1591002268075,1,2949,1,0
aging_implicit,jc_2309,146,71.468,50,0,0,3.6115,10.773,6.88052637307795,11.3021002268075,1,3029,1,0
aging_implicit,jc_2309,147,113.85,130,0,0,-4.5715,10.341,-2.71917362692205,11.7031002268075,1,3009,1,0
aging_implicit,jc_2309,148,80.908,50,0,0,1.7964,11.225,3.95032637307795,11.7031002268075,1,3169,1,0
aging_implicit,jc_2309,149,118.39,130,0,0,-5.3435,9.8866,-6.00624062692205,11.7031002268075,1,3029,1,0
aging_implicit,jc_2309,150,98.237,90,0,0,-1.6085,11.111,-3.21937362692205,11.7031002268075,1,3049,1,0
aging_implicit,jc_2309,151,86.015,90,0,0,0.7974,11.448,1.52072637307795,11.7031002268075,1,3289,1,0
aging_implicit,jc_2309,152,83.839,50,0,0,1.2237,11.336,4.61752637307795,11.7031002268075,1,2829,1,0
aging_implicit,jc_2309,153,109.27,130,0,0,-3.6735,10.51,-3.95777362692205,11.7031002268075,1,2769,1,0
aging_implicit,jc_2309,154,99.425,90,0,0,-1.884,11.349,-3.98157362692205,11.7031002268075,1,3594,1,0
aging_implicit,jc_2309,155,79.328,50,0,0,2.1117,11.206,3.59302637307795,11.7031002268075,1,3349,1,0
aging_implicit,jc_2309,156,102.44,130,0,0,-2.3982,10.868,-3.62427362692205,11.7031002268075,1,3906,1,0
aging_implicit,jc_2309,283,129.34,130,0,0,-7.1298,8.7,-11.175073626922,6.68710022680751,2,3529,1,0
aging_implicit,jc_2309,284,73.775,50,0,0,3.1745,10.909,3.90262637307795,11.7031002268075,2,3113,1,0
aging_implicit,jc_2309,285,95.354,90,0,0,-1.0402,11.099,-0.408673626922047,11.7031002268075,2,3009,1,0
aging_implicit,jc_2309,286,109.54,130,0,0,-3.7303,10.51,-4.26737362692205,11.0151002268075,2,3317,1,0
aging_implicit,jc_2309,287,75.192,50,0,0,2.876,10.879,3.45012637307795,11.0731002268075,2,3416,1,0
aging_implicit,jc_2309,288,87.393,90,0,0,0.5136,11.281,3.16422637307795,10.0981002268075,2,2969,1,0
aging_implicit,jc_2309,289,90.946,90,0,0,-0.1849,11.193,-0.0989736269220467,11.7031002268075,2,9113,1,0
aging_implicit,jc_2309,290,72.105,50,0,0,3.5222,10.909,4.54552637307795,10.4711002268075,2,3780,1,0
aging_implicit,jc_2309,291,109.09,130,0,0,-3.6137,10.443,-3.21937362692205,11.0731002268075,2,2690,1,0
aging_implicit,jc_2309,292,109.9,90,0,0,-3.811,10.528,-5.05346362692205,10.0981002268075,2,2755,1,0
aging_implicit,jc_2309,293,141.08,130,0,0,-8.7255,7.0458,-11.460873626922,1.78480022680752,2,2970,1,0
aging_implicit,jc_2309,294,73.609,50,0,0,3.2085,10.908,7.38052637307795,10.0121002268075,2,2959,1,0
aging_implicit,jc_2309,295,112.71,130,0,0,-4.3656,10.434,-4.91057362692205,10.0981002268075,2,3029,1,0
aging_implicit,jc_2309,296,104.14,90,0,0,-2.7244,10.815,-3.07647362692205,11.0441002268075,2,3157,1,0
aging_implicit,jc_2309,297,51.502,50,0,0,6.8974,8.6718,11.834526373078,1.01080022680752,2,3229,1,0
aging_implicit,jc_2309,298,84.125,90,0,0,1.1537,11.213,1.94942637307795,9.78310022680751,2,2989,1,0
aging_implicit,jc_2309,299,108.31,130,0,0,-3.5731,10.8,-3.12407362692205,10.5281002268075,2,2929,1,0
aging_implicit,jc_2309,300,69.151,50,0,0,4.0377,10.602,6.33252637307795,10.6431002268075,2,3097,1,0
aging_implicit,jc_2309,427,114.66,130,0,0,-4.656,10.141,-10.222273626922,9.06610022680752,3,3046,1,0
aging_implicit,jc_2309,428,92.182,90,0,0,-0.4282,11.239,1.49692637307795,11.7031002268075,3,2949,1,0
aging_implicit,jc_2309,429,73.362,50,0,0,3.2169,10.765,5.04552637307795,10.4711002268075,3,3076,1,0
aging_implicit,jc_2309,430,123.09,130,0,0,-6.1247,9.3986,-9.98407362692205,6.05610022680751,3,3072,1,0
aging_implicit,jc_2309,431,99.792,90,0,0,-1.887,10.934,-3.02877362692205,11.7031002268075,3,2889,1,0
aging_implicit,jc_2309,432,73.993,50,0,0,3.0733,10.713,8.80952637307795,8.63610022680751,3,3092,1,0
aging_implicit,jc_2309,433,88.031,90,0,0,0.3809,11.079,5.04552637307795,10.2411002268075,3,2909,1,0
aging_implicit,jc_2309,434,60.342,50,0,0,5.6086,9.8496,11.572526373078,3.18940022680752,3,3080,1,0
aging_implicit,jc_2309,435,132.26,130,0,0,-7.45,8.1998,-10.293773626922,4.76610022680751,3,3178,1,0
aging_implicit,jc_2309,436,134.01,130,0,0,-7.7894,8.0646,-8.45967362692205,6.45710022680752,3,2909,1,0
aging_implicit,jc_2309,437,61.127,50,0,0,5.3496,9.7017,11.834526373078,4.16410022680751,3,2750,1,0
aging_implicit,jc_2309,438,94.016,90,0,0,-0.788,11.223,2.06852637307795,10.7001002268075,3,2850,1,0
aging_implicit,jc_2309,439,129.43,130,0,0,-7.0352,8.5568,-10.412873626922,5.68340022680752,3,2869,1,0
aging_implicit,jc_2309,440,111.03,90,0,0,-4.1104,10.69,-2.88587362692205,11.2731002268075,3,3170,1,0
aging_implicit,jc_2309,441,70.519,50,0,0,3.7463,10.591,10.905526373078,6.37110022680752,3,2889,1,0
aging_implicit,jc_2309,442,108.4,130,0,0,-3.5182,10.577,-1.17087362692205,10.8151002268075,3,2709,1,0
aging_implicit,jc_2309,443,102.16,90,0,0,-2.3672,10.982,-3.24317362692205,11.2451002268075,3,2669,1,0
aging_implicit,jc_2309,444,60.097,50,0,0,5.7304,9.9643,9.83352637307795,7.51810022680752,3,2889,1,0
aging_implicit,jc_2309,571,106.62,90,0,0,-3.2256,10.803,-7.48307362692205,11.7031002268075,4,3042,1,0
aging_implicit,jc_2309,572,68.092,50,0,0,4.2003,10.445,5.06952637307795,11.1011002268075,4,3228,1,0
aging_implicit,jc_2309,573,103.4,130,0,0,-2.6052,10.937,-2.79057362692205,11.7031002268075,4,2869,1,0
aging_implicit,jc_2309,574,63.295,50,0,0,5.0055,9.9503,8.49952637307795,9.12310022680751,4,3092,1,0
aging_implicit,jc_2309,575,106.28,130,0,0,-3.1367,10.742,-4.14827362692205,11.7031002268075,4,3140,1,0
aging_implicit,jc_2309,576,91.469,90,0,0,-0.2864,11.168,3.49772637307795,11.1871002268075,4,4442,1,0
aging_implicit,jc_2309,577,111.37,90,0,0,-4.0811,10.431,-3.55287362692205,11.7031002268075,4,3411,1,0
aging_implicit,jc_2309,578,110.03,130,0,0,-3.8376,10.526,-3.07647362692205,11.7031002268075,4,2969,1,0
aging_implicit,jc_2309,579,73.479,50,0,0,3.2647,11.006,4.97452637307795,11.7031002268075,4,2980,1,0
aging_implicit,jc_2309,580,85.881,90,0,0,0.8184,11.365,1.56832637307795,11.7031002268075,4,3309,1,0
aging_implicit,jc_2309,581,75.296,50,0,0,2.9054,11.072,3.92642637307795,11.7031002268075,4,2989,1,0
aging_implicit,jc_2309,582,110.48,130,0,0,-3.9284,10.516,-7.48307362692205,11.7031002268075,4,2970,1,0
aging_implicit,jc_2309,583,68.989,50,0,0,4.053,10.552,10.333526373078,9.49610022680752,4,2869,1,0
aging_implicit,jc_2309,584,95.796,90,0,0,-1.1316,11.149,2.52112637307795,10.9011002268075,4,3823,1,0
aging_implicit,jc_2309,585,109.84,130,0,0,-3.9142,10.846,-2.24277362692205,11.7031002268075,4,2890,1,0
aging_implicit,jc_2309,586,109.23,130,0,0,-3.6815,10.555,-4.64857362692205,11.7031002268075,4,3276,1,0
aging_implicit,jc_2309,587,65.589,50,0,0,4.5875,10.108,11.834526373078,6.45710022680752,4,3160,1,0
aging_implicit,jc_2309,588,89.149,90,0,0,0.1676,11.279,2.94982637307795,9.20910022680751,4,3576,1,0
aging_implicit,bh_0608,91,155.09,130,0,0,-10.885,5.0538,-9.61920370038301,3.59578440493211,1,5123,1,1
aging_implicit,bh_0608,92,119.38,90,0,0,-5.9726,10.61,-6.76090370038301,11.1920844049321,1,3581,1,1
aging_implicit,bh_0608,93,76.765,50,0,0,2.7747,11.798,6.29219629961699,11.1920844049321,1,3108,1,1
aging_implicit,bh_0608,94,40.667,50,0,0,9.1929,7.8979,13.605196299617,4.77108440493211,1,3096,1,1
aging_implicit,bh_0608,95,169.95,130,0,0,-11.975,2.1224,-13.406803700383,3.19438440493211,1,2695,1,1
aging_implicit,bh_0608,96,94.923,90,0,0,-1.034,12.006,7.12619629961699,11.1920844049321,1,3715,1,1
aging_implicit,bh_0608,97,154.38,130,0,0,-10.995,5.2725,-10.548203700383,6.80608440493211,1,9327,1,1
aging_implicit,bh_0608,98,124.47,90,0,0,-6.9791,10.165,-5.49840370038301,11.1920844049321,1,3057,1,1
aging_implicit,bh_0608,99,43.651,50,0,0,8.9213,8.5108,11.890196299617,5.86008440493211,1,2859,1,1
aging_implicit,bh_0608,100,122.9,130,0,0,-6.6194,10.231,-0.353403700383013,8.78408440493211,1,6879,1,1
aging_implicit,bh_0608,101,134.23,90,0,0,-8.5781,8.8107,-7.52310370038301,9.18608440493211,1,2719,1,1
aging_implicit,bh_0608,102,29.408,50,0,0,10.647,6.0013,13.295196299617,3.16578440493211,1,2899,1,1
aging_implicit,bh_0608,103,149.29,130,0,0,-10.395,6.1752,-14.001803700383,6.06108440493211,1,3019,1,1
aging_implicit,bh_0608,104,98.609,90,0,0,-1.8262,12.063,2.29049629961699,11.1920844049321,1,3140,1,1
aging_implicit,bh_0608,105,82.779,50,0,0,1.5146,11.954,7.84019629961699,9.38608440493211,1,3997,1,1
aging_implicit,bh_0608,106,40.395,50,0,0,9.1701,7.8031,13.390196299617,2.56378440493211,1,5519,1,1
aging_implicit,bh_0608,107,149.04,130,0,0,-10.477,6.286,-11.286603700383,5.48778440493211,1,2700,1,1
aging_implicit,bh_0608,108,129.01,90,0,0,-7.595,9.3748,-7.49930370038301,7.66608440493211,1,3343,1,1
aging_implicit,bh_0608,235,180.19,130,0,0,-12.107,-0.0405,-15.835803700383,1.10178440493211,2,3300,1,1
aging_implicit,bh_0608,236,101.78,50,0,0,-2.4558,11.771,1.71889629961699,11.1920844049321,2,4047,1,1
aging_implicit,bh_0608,237,80.576,90,0,0,1.9988,12.042,5.83959629961699,10.5040844049321,2,3433,1,1
aging_implicit,bh_0608,238,72.486,50,0,0,3.682,11.668,10.675196299617,9.47208440493211,2,3731,1,1
aging_implicit,bh_0608,239,132.75,90,0,0,-8.3577,9.0425,-7.33250370038301,11.1920844049321,2,2859,1,1
aging_implicit,bh_0608,240,145.28,130,0,0,-10.008,6.9345,-10.905403700383,6.72008440493211,2,2577,1,1
aging_implicit,bh_0608,241,132.95,130,0,0,-8.295,8.9101,-9.92880370038301,9.96008440493211,2,2791,1,1
aging_implicit,bh_0608,242,94.715,90,0,0,-0.9954,12.07,4.69629629961699,10.3320844049321,2,4059,1,1
aging_implicit,bh_0608,243,94.557,50,0,0,-0.958,12.021,4.14839629961699,11.1920844049321,2,3481,1,1
aging_implicit,bh_0608,244,77.977,50,0,0,2.5505,11.975,10.437196299617,10.1030844049321,2,5564,1,1
aging_implicit,bh_0608,245,108.89,90,0,0,-3.9607,11.576,-0.162903700383014,11.1920844049321,2,4742,1,1
aging_implicit,bh_0608,246,134.99,130,0,0,-8.7224,8.7247,-8.73790370038301,8.55508440493211,2,2500,1,1
aging_implicit,bh_0608,247,94.863,50,0,0,-1.0208,11.999,3.17189629961699,11.1920844049321,2,2619,1,1
aging_implicit,bh_0608,248,115.22,130,0,0,-5.1328,10.896,-3.87871370038301,8.92808440493211,2,4560,1,1
aging_implicit,bh_0608,249,104.7,90,0,0,-3.1142,11.872,-1.37770370038301,9.12808440493211,2,6418,1,1
aging_implicit,bh_0608,250,64.077,50,0,0,5.3823,11.073,8.10219629961699,7.58008440493211,2,3720,1,1
aging_implicit,bh_0608,251,97.394,90,0,0,-1.5741,12.13,2.95749629961699,11.1920844049321,2,2699,1,1
aging_implicit,bh_0608,252,132.28,130,0,0,-8.1373,8.949,-6.14160370038301,10.4180844049321,2,3159,1,1
aging_implicit,bh_0608,379,130.8,90,0,0,-8.0401,9.3135,-8.59500370038301,11.1920844049321,3,4507,1,1
aging_implicit,bh_0608,380,70.633,50,0,0,4.0808,11.609,9.00719629961699,11.1920844049321,3,4256,1,1
aging_implicit,bh_0608,381,123.05,130,0,0,-6.6584,10.232,-5.76040370038301,11.1920844049321,3,2600,1,1
aging_implicit,bh_0608,382,63.471,50,0,0,5.3829,10.783,10.198196299617,8.55508440493211,3,3819,1,1
aging_implicit,bh_0608,383,81.82,90,0,0,1.7322,12.05,6.55419629961699,11.1920844049321,3,3609,1,1
aging_implicit,bh_0608,384,143.61,130,0,0,-9.7566,7.1893,-10.714903700383,8.84208440493211,3,2729,1,1
aging_implicit,bh_0608,385,130.91,90,0,0,-7.858,9.0697,-7.76130370038301,11.1920844049321,3,5649,1,1
aging_implicit,bh_0608,386,140.81,130,0,0,-9.4428,7.6985,-10.143203700383,7.81008440493211,3,2459,1,1
aging_implicit,bh_0608,387,91.965,50,0,0,-0.4173,12.16,4.86299629961699,11.1920844049321,3,3039,1,1
aging_implicit,bh_0608,388,45.216,50,0,0,8.6706,8.7363,12.914196299617,4.97178440493211,3,3017,1,1
aging_implicit,bh_0608,389,107.24,90,0,0,-3.569,11.504,3.95789629961699,11.1920844049321,3,4073,1,1
aging_implicit,bh_0608,390,142.81,130,0,0,-9.6391,7.3142,-9.90500370038301,8.35408440493211,3,2599,1,1
aging_implicit,bh_0608,391,118.68,130,0,0,-5.8512,10.697,-4.47420370038301,10.2750844049321,3,2655,1,1
aging_implicit,bh_0608,392,132.21,90,0,0,-8.2128,9.0549,-8.23770370038301,9.96008440493211,3,4951,1,1
aging_implicit,bh_0608,393,74.208,50,0,0,3.3113,11.708,6.45889629961699,9.64408440493211,3,2639,1,1
aging_implicit,bh_0608,394,44.382,50,0,0,8.7811,8.5936,9.00719629961699,6.34808440493211,3,2659,1,1
aging_implicit,bh_0608,395,136.7,130,0,0,-8.8365,8.3268,-9.97650370038301,9.98808440493211,3,2819,1,1
aging_implicit,bh_0608,396,107.54,90,0,0,-3.6169,11.442,-1.09180370038301,8.67008440493211,3,3521,1,1
aging_implicit,bh_0608,523,153.97,130,0,0,-11.013,5.3775,-10.881603700383,2.64978440493211,4,3735,1,1
aging_implicit,bh_0608,524,98.65,90,0,0,-1.8357,12.066,-0.877503700383014,10.5330844049321,4,3061,1,1
aging_implicit,bh_0608,525,99.061,50,0,0,-1.8972,11.897,1.02809629961699,11.1920844049321,4,2699,1,1
aging_implicit,bh_0608,526,120.91,130,0,0,-6.1802,10.322,-5.97480370038301,10.4760844049321,4,2480,1,1
aging_implicit,bh_0608,527,68.294,50,0,0,4.4906,11.281,8.96019629961699,9.87408440493211,4,2579,1,1
aging_implicit,bh_0608,528,124.6,90,0,0,-6.8802,9.9745,-7.88040370038301,11.1920844049321,4,2460,1,1
aging_implicit,bh_0608,529,124.12,130,0,0,-6.7678,9.9876,-8.14240370038301,10.1030844049321,4,2500,1,1
aging_implicit,bh_0608,530,75.498,50,0,0,3.0652,11.85,3.57679629961699,11.1920844049321,4,2560,1,1
aging_implicit,bh_0608,531,101.72,90,0,0,-2.5006,12.058,-1.78260370038301,11.1920844049321,4,2419,1,1
aging_implicit,bh_0608,532,120.61,130,0,0,-6.2601,10.581,-5.56990370038301,8.69808440493211,4,2679,1,1
aging_implicit,bh_0608,533,133.92,90,0,0,-8.3593,8.6799,-10.000303700383,8.06808440493211,4,2379,1,1
aging_implicit,bh_0608,534,44.86,50,0,0,8.6273,8.5853,11.651196299617,3.50978440493211,4,2919,1,1
aging_implicit,bh_0608,535,72.812,50,0,0,3.617,11.693,7.26919629961699,8.06808440493211,4,2439,1,1
aging_implicit,bh_0608,536,138.54,130,0,0,-9.1125,8.0518,-8.97610370038301,6.66308440493211,4,5842,1,1
aging_implicit,bh_0608,537,99.094,90,0,0,-1.9085,11.923,-2.68773370038301,7.92408440493211,4,3484,1,1
aging_implicit,bh_0608,538,113.97,90,0,0,-4.9197,11.067,-4.80770370038301,9.12808440493211,4,2299,1,1
aging_implicit,bh_0608,539,54.865,50,0,0,7.0861,10.07,9.46019629961699,5.63108440493211,4,2508,1,1
aging_implicit,bh_0608,540,135.5,130,0,0,-8.7089,8.5591,-9.35720370038301,5.94608440493211,4,2704,1,1
aging_implicit,bh_0608,139,153.7,130,0,0,-10.139,5.012,-15.2740436126354,3.26968379113452,1,2399,1,0
aging_implicit,bh_0608,140,117.37,90,0,0,-5.2708,10.18,-7.62824361263539,12.0986837911345,1,2340,1,0
aging_implicit,bh_0608,141,73.882,50,0,0,3.1831,11.015,5.52005638736461,12.0986837911345,1,2655,1,0
aging_implicit,bh_0608,142,42.663,50,0,0,8.2986,7.6478,14.2859563873646,4.27298379113452,1,5160,1,0
aging_implicit,bh_0608,143,168.86,130,0,0,-11.264,2.2174,-13.6310436126354,2.49568379113452,1,2282,1,0
aging_implicit,bh_0608,144,93.431,90,0,0,-0.671,11.193,0.56561638736461,12.0986837911345,1,2612,1,0
aging_implicit,bh_0608,145,153.07,130,0,0,-10.23,5.1972,-12.5110436126354,3.35568379113452,1,3140,1,0
aging_implicit,bh_0608,146,121.63,90,0,0,-6.2718,10.183,-7.65204361263539,9.14638379113452,1,2362,1,0
aging_implicit,bh_0608,147,46.594,50,0,0,8.0604,8.5217,12.1659563873646,8.31498379113452,1,2399,1,0
aging_implicit,bh_0608,148,123.17,130,0,0,-6.1546,9.4171,-6.62784361263539,8.65898379113452,1,3655,1,0
aging_implicit,bh_0608,149,131.44,90,0,0,-7.8677,8.9125,-9.70104361263539,9.43298379113452,1,2098,1,0
aging_implicit,bh_0608,150,32.356,50,0,0,9.7006,6.1458,14.8099563873646,3.06898379113452,1,2941,1,0
aging_implicit,bh_0608,151,146.44,130,0,0,-9.4312,6.2559,-12.0820436126354,4.50238379113452,1,2459,1,0
aging_implicit,bh_0608,152,95.839,90,0,0,-1.1631,11.373,-1.57814361263539,12.0986837911345,1,2300,1,0
aging_implicit,bh_0608,153,79.099,50,0,0,2.2181,11.518,6.21085638736461,12.0986837911345,1,2359,1,0
aging_implicit,bh_0608,154,42.809,50,0,0,8.4517,7.8288,14.6429563873646,5.21898379113452,1,2921,1,0
aging_implicit,bh_0608,155,148.7,130,0,0,-9.5922,5.8315,-11.5580436126354,3.69968379113452,1,2199,1,0
aging_implicit,bh_0608,156,127.23,90,0,0,-6.764,8.9023,-9.74804361263539,8.80238379113452,1,2119,1,0
aging_implicit,bh_0608,283,179.02,130,0,0,-11.238,0.1918,-14.2260436126354,2.55298379113452,2,10640,1,0
aging_implicit,bh_0608,284,98.532,50,0,0,-1.7231,11.486,2.75705638736461,12.0986837911345,2,2711,1,0
aging_implicit,bh_0608,285,80.644,90,0,0,1.8476,11.214,5.28185638736461,12.0986837911345,2,2612,1,0
aging_implicit,bh_0608,286,71.246,50,0,0,3.6787,10.835,4.71015638736461,12.0986837911345,2,2230,1,0
aging_implicit,bh_0608,287,130.65,90,0,0,-7.5942,8.8457,-8.89074361263539,11.6406837911345,2,2240,1,0
aging_implicit,bh_0608,288,144.38,130,0,0,-9.3225,6.6792,-12.2250436126354,6.42298379113452,2,2180,1,0
aging_implicit,bh_0608,289,130.95,130,0,0,-7.4143,8.5435,-8.58104361263539,6.85298379113452,2,4440,1,0
aging_implicit,bh_0608,290,93.087,90,0,0,-0.6178,11.455,-1.00644361263539,12.0986837911345,2,2330,1,0
aging_implicit,bh_0608,291,90.357,50,0,0,-0.0721,11.571,5.04365638736461,10.1496837911345,2,4562,1,0
aging_implicit,bh_0608,292,74.34,50,0,0,3.2817,11.707,5.21045638736461,12.0986837911345,2,2322,1,0
aging_implicit,bh_0608,293,105.17,90,0,0,-3.0618,11.294,-3.05494361263539,11.3826837911345,2,2179,1,0
aging_implicit,bh_0608,294,135.12,130,0,0,-8.1684,8.1354,-9.86704361263539,7.51238379113452,2,2259,1,0
aging_implicit,bh_0608,295,91.734,50,0,0,-0.3512,11.598,1.78045638736461,12.0986837911345,2,2239,1,0
aging_implicit,bh_0608,296,111.86,130,0,0,-4.2682,10.637,-5.38924361263539,10.2643837911345,2,2239,1,0
aging_implicit,bh_0608,297,102.24,90,0,0,-2.4716,11.389,-3.19784361263539,9.63368379113452,2,2302,1,0
aging_implicit,bh_0608,298,62.256,50,0,0,5.3549,10.181,8.33075638736461,7.11098379113452,2,3348,1,0
aging_implicit,bh_0608,299,94.985,90,0,0,-1.0252,11.754,-0.19660361263539,10.0349837911345,2,2616,1,0
aging_implicit,bh_0608,300,130.08,130,0,0,-7.4234,8.8228,-9.10504361263539,7.77038379113452,2,2059,1,0
aging_implicit,bh_0608,427,129.69,90,0,0,-7.3905,8.9058,-8.86684361263539,12.0986837911345,3,2705,1,0
aging_implicit,bh_0608,428,67.951,50,0,0,4.4338,10.947,5.80585638736461,12.0986837911345,3,2767,1,0
aging_implicit,bh_0608,429,124.24,130,0,0,-6.5598,9.6389,-5.15104361263539,10.0636837911345,3,3834,1,0
aging_implicit,bh_0608,430,62.909,50,0,0,5.1338,10.036,4.99605638736461,11.6976837911345,3,2239,1,0
aging_implicit,bh_0608,431,83.734,90,0,0,1.2818,11.675,3.13815638736461,11.7266837911345,3,2259,1,0
aging_implicit,bh_0608,432,144.22,130,0,0,-9.1838,6.6181,-11.4160436126354,5.13298379113452,3,2299,1,0
aging_implicit,bh_0608,433,128.09,90,0,0,-7.0288,8.9678,-9.03364361263539,8.68768379113452,3,2219,1,0
aging_implicit,bh_0608,434,139.89,130,0,0,-8.8042,7.4158,-11.4160436126354,4.98968379113452,3,2179,1,0
aging_implicit,bh_0608,435,89.692,50,0,0,0.0617,11.472,2.63795638736461,11.3826837911345,3,2219,1,0
aging_implicit,bh_0608,436,46.998,50,0,0,8.0071,8.5861,9.35495638736461,6.73838379113452,3,2285,1,0
aging_implicit,bh_0608,437,105.65,90,0,0,-3.0899,11.033,-4.17444361263539,11.3246837911345,3,2199,1,0
aging_implicit,bh_0608,438,142.84,130,0,0,-8.8687,6.7222,-10.5340436126354,4.81768379113452,3,2179,1,0
aging_implicit,bh_0608,439,115.76,130,0,0,-5.039,10.443,-7.34244361263539,6.13638379113452,3,2139,1,0
aging_implicit,bh_0608,440,129.65,90,0,0,-7.392,8.9184,-9.55764361263539,6.76698379113452,3,2139,1,0
aging_implicit,bh_0608,441,72.732,50,0,0,3.4159,10.989,0.0415963873646103,10.1496837911345,3,2479,1,0
aging_implicit,bh_0608,442,46.046,50,0,0,8.1227,8.4247,7.33035638736461,8.20038379113452,3,2333,1,0
aging_implicit,bh_0608,443,135.36,130,0,0,-8.0104,7.9108,-10.9390436126354,7.54098379113452,3,2239,1,0
aging_implicit,bh_0608,444,104.93,90,0,0,-2.8988,10.87,-4.26974361263539,8.17168379113452,3,2791,1,0
aging_implicit,bh_0608,571,153.81,130,0,0,-10.144,4.9894,-13.3930436126354,4.93238379113452,4,4545,1,0
aging_implicit,bh_0608,572,96.087,90,0,0,-1.229,11.526,-3.55514361263539,12.0986837911345,4,3184,1,0
aging_implicit,bh_0608,573,94.643,50,0,0,-0.9562,11.775,2.28065638736461,12.0986837911345,4,2759,1,0
aging_implicit,bh_0608,574,121.04,130,0,0,-5.9046,9.8104,-7.98554361263539,10.6656837911345,4,3134,1,0
aging_implicit,bh_0608,575,67.426,50,0,0,4.3598,10.487,5.42475638736461,11.6976837911345,4,2232,1,0
aging_implicit,bh_0608,576,122.08,90,0,0,-6.0629,9.6714,-5.57984361263539,10.2929837911345,4,4915,1,0
aging_implicit,bh_0608,577,123.17,130,0,0,-6.1195,9.3607,-5.48454361263539,9.49038379113452,4,5342,1,0
aging_implicit,bh_0608,578,73.297,50,0,0,3.3539,11.177,4.11475638736461,10.7226837911345,4,2280,1,0
aging_implicit,bh_0608,579,100.13,90,0,0,-2.0362,11.399,-1.41144361263539,7.34038379113452,4,2150,1,0
aging_implicit,bh_0608,580,120.74,130,0,0,-5.8234,9.7903,-7.17574361263539,9.86298379113452,4,2199,1,0
aging_implicit,bh_0608,581,129.67,90,0,0,-7.5974,9.1598,-9.08124361263539,10.0063837911345,4,2439,1,0
aging_implicit,bh_0608,582,47.729,50,0,0,7.7544,8.5307,8.87865638736461,7.08238379113452,4,2278,1,0
aging_implicit,bh_0608,583,71.406,50,0,0,3.6869,10.96,5.61535638736461,8.65898379113452,4,2259,1,0
aging_implicit,bh_0608,584,135.73,130,0,0,-8.1299,7.9255,-7.15184361263539,7.34038379113452,4,2219,1,0
aging_implicit,bh_0608,585,97.846,90,0,0,-1.5308,11.109,-0.88734361263539,9.00298379113452,4,2179,1,0
aging_implicit,bh_0608,586,113.43,90,0,0,-4.4771,10.331,-4.74614361263539,9.06038379113452,4,3002,1,0
aging_implicit,bh_0608,587,54.527,50,0,0,6.7582,9.4842,8.80715638736461,7.94238379113452,4,2219,1,0
aging_implicit,bh_0608,588,136.11,130,0,0,-8.1308,7.8218,-7.12804361263539,4.76038379113452,4,3730,1,0
aging_implicit,bo_1309,91,168.13,130,0,0,-11.758,2.4708,-10.3431996805909,4.32602330648444,1,12468,1,1
aging_implicit,bo_1309,92,116.61,90,0,0,-5.4041,10.788,-6.19859968059089,-1.55067669351556,1,3360,0,1
aging_implicit,bo_1309,93,60.94,50,0,0,5.8654,10.556,10.4039003194091,6.07432330648444,1,3354,1,1
aging_implicit,bo_1309,94,109.95,90,0,0,-4.2443,11.691,-2.33984968059089,-1.12067669351556,1,3406,0,1
aging_implicit,bo_1309,95,73.993,50,0,0,3.4122,11.894,5.5444003194091,10.8903233064844,1,4360,1,1
aging_implicit,bo_1309,96,168.51,130,0,0,-11.803,2.3983,-10.7957996805909,0.255323306484436,1,3258,1,1
aging_implicit,bo_1309,97,135.02,130,0,0,-8.8877,8.8804,-6.84169968059089,9.34232330648444,1,2928,1,1
aging_implicit,bo_1309,98,75.277,50,0,0,3.1249,11.892,8.25990031940911,6.01732330648444,1,3000,1,1
aging_implicit,bo_1309,99,110.87,90,0,0,-4.2813,11.228,-2.57804768059089,-0.461376693515564,1,2803,0,1
aging_implicit,bo_1309,100,101.65,90,0,0,-2.4749,12.001,0.232600319409106,10.5753233064844,1,2693,1,1
aging_implicit,bo_1309,101,65.727,50,0,0,4.9871,11.059,7.71190031940911,2.40532330648444,1,3039,1,1
aging_implicit,bo_1309,102,135.21,130,0,0,-8.647,8.5848,-8.31849968059089,4.24002330648444,1,2849,1,1
aging_implicit,bo_1309,103,86.762,50,0,0,0.6898,12.192,5.4491003194091,10.0883233064844,1,3503,1,1
aging_implicit,bo_1309,104,113.92,130,0,0,-5.1299,11.568,-6.53209968059089,9.40032330648444,1,4420,1,1
aging_implicit,bo_1309,105,95.975,90,0,0,-1.2532,11.974,0.875800319409106,11.6643233064844,1,2867,1,1
aging_implicit,bo_1309,106,70.425,50,0,0,4.0379,11.356,7.54490031940911,8.28232330648444,1,2825,1,1
aging_implicit,bo_1309,107,101.06,90,0,0,-2.3166,11.853,-0.862999680590894,11.3203233064844,1,3767,1,1
aging_implicit,bo_1309,108,108.97,130,0,0,-4.0477,11.775,-4.00719968059089,10.7763233064844,1,3389,1,1
aging_implicit,bo_1309,235,66.486,50,0,0,4.8015,11.035,10.4749003194091,8.48232330648444,2,7726,1,1
aging_implicit,bo_1309,236,151.55,130,0,0,-10.61,5.7477,-9.36659968059089,7.82332330648444,2,5064,1,1
aging_implicit,bo_1309,237,107.75,90,0,0,-3.7251,11.638,1.44740031940911,11.6643233064844,2,4598,1,1
aging_implicit,bo_1309,238,108.88,90,0,0,-3.8913,11.378,0.566100319409106,11.6643233064844,2,3568,1,1
aging_implicit,bo_1309,239,96.116,50,0,0,-1.2949,12.085,4.80600031940911,11.6643233064844,2,4048,1,1
aging_implicit,bo_1309,240,149.21,130,0,0,-10.417,6.2083,-8.74729968059089,7.99532330648444,2,3304,1,1
aging_implicit,bo_1309,241,175.98,130,0,0,-12.374,0.8688,-11.1291996805909,3.17932330648444,2,3269,1,1
aging_implicit,bo_1309,242,98.817,50,0,0,-1.9093,12.309,3.85320031940911,11.0343233064844,2,3058,1,1
aging_implicit,bo_1309,243,107.01,90,0,0,-3.6458,11.917,1.11400031940911,11.0913233064844,2,2976,1,1
aging_implicit,bo_1309,244,132.9,90,0,0,-8.4925,9.1379,-5.29349968059089,11.6643233064844,2,2752,1,1
aging_implicit,bo_1309,245,133.07,130,0,0,-8.1941,8.7671,-8.55669968059089,8.16732330648444,2,2670,1,1
aging_implicit,bo_1309,246,74.848,50,0,0,3.3034,12.199,6.99740031940911,10.6323233064844,2,3073,1,1
aging_implicit,bo_1309,247,118.44,130,0,0,-5.7428,10.605,-4.50739968059089,11.6643233064844,2,3006,1,1
aging_implicit,bo_1309,248,99.408,90,0,0,-1.9619,11.841,0.923400319409106,11.6643233064844,2,2854,1,1
aging_implicit,bo_1309,249,88.697,50,0,0,0.2779,12.214,4.23430031940911,11.6643233064844,2,3983,1,1
aging_implicit,bo_1309,250,114.92,130,0,0,-5.1451,11.072,-3.74519968059089,11.6643233064844,2,3089,1,1
aging_implicit,bo_1309,251,38.295,50,0,0,9.4888,7.4924,10.9509003194091,4.18262330648444,2,3388,1,1
aging_implicit,bo_1309,252,87.261,90,0,0,0.597,12.48,3.87700031940911,11.6643233064844,2,2856,1,1
aging_implicit,bo_1309,379,136.02,90,0,0,-8.6472,8.3445,-7.07989968059089,11.2923233064844,3,5060,1,1
aging_implicit,bo_1309,380,167.32,130,0,0,-11.836,2.6633,-10.9148996805909,5.93132330648444,3,3514,1,1
aging_implicit,bo_1309,381,83.08,50,0,0,1.4755,12.157,7.37850031940911,11.6643233064844,3,3430,1,1
aging_implicit,bo_1309,382,108.3,90,0,0,-3.8474,11.633,-0.600999680590894,11.6643233064844,3,4170,1,1
aging_implicit,bo_1309,383,93.61,50,0,0,-0.7687,12.183,4.37720031940911,11.6643233064844,3,3410,1,1
aging_implicit,bo_1309,384,170.52,130,0,0,-12.038,2.01,-11.2720996805909,4.01062330648444,3,4370,1,1
aging_implicit,bo_1309,385,103.61,90,0,0,-2.8313,11.694,1.59040031940911,11.6643233064844,3,3754,1,1
aging_implicit,bo_1309,386,89.611,50,0,0,0.0821,12.088,3.71030031940911,2.26202330648444,3,4806,0,1
aging_implicit,bo_1309,387,121.49,130,0,0,-6.335,10.341,-4.15009968059089,11.6643233064844,3,3488,1,1
aging_implicit,bo_1309,388,164.38,130,0,0,-11.605,3.2434,-11.7723996805909,3.83862330648444,3,3160,1,1
aging_implicit,bo_1309,389,93.421,50,0,0,-0.7305,12.221,4.97270031940911,11.6643233064844,3,3202,1,1
aging_implicit,bo_1309,390,108.13,90,0,0,-3.7641,11.493,0.423200319409106,11.6643233064844,3,3284,1,1
aging_implicit,bo_1309,391,127.52,130,0,0,-7.4382,9.6882,-6.43679968059089,11.6643233064844,3,2974,1,1
aging_implicit,bo_1309,392,107.18,90,0,0,-3.5735,11.562,0.0659003194091059,11.6643233064844,3,3255,1,1
aging_implicit,bo_1309,393,96.587,50,0,0,-1.4167,12.269,2.44790031940911,11.6643233064844,3,3366,1,1
aging_implicit,bo_1309,394,118.23,130,0,0,-5.8172,10.834,-4.88849968059089,11.1483233064844,3,3927,1,1
aging_implicit,bo_1309,395,96.768,50,0,0,-1.4469,12.192,2.44790031940911,11.6643233064844,3,3112,1,1
aging_implicit,bo_1309,396,86.834,90,0,0,0.6713,12.137,3.37680031940911,11.1773233064844,3,3444,1,1
aging_implicit,bo_1309,523,88.651,90,0,0,0.285,12.101,5.33000031940911,11.6643233064844,4,5506,1,1
aging_implicit,bo_1309,524,144.02,130,0,0,-9.7198,7.0573,-6.88939968059089,10.0883233064844,4,3623,1,1
aging_implicit,bo_1309,525,80.064,50,0,0,2.1575,12.317,8.02190031940911,8.08132330648444,4,3477,1,1
aging_implicit,bo_1309,526,142.39,130,0,0,-9.5558,7.3626,-7.46099968059089,9.02732330648444,4,4191,1,1
aging_implicit,bo_1309,527,106.78,50,0,0,-3.4703,11.511,3.92470031940911,11.6643233064844,4,3347,1,1
aging_implicit,bo_1309,528,110.83,90,0,0,-4.3095,11.326,-0.600999680590894,11.6643233064844,4,3960,1,1
aging_implicit,bo_1309,529,117.12,130,0,0,-5.4968,10.732,-3.67369968059089,11.6643233064844,4,3281,1,1
aging_implicit,bo_1309,530,94.837,50,0,0,-1.0373,12.258,4.16290031940911,10.9483233064844,4,3212,1,1
aging_implicit,bo_1309,531,85.066,90,0,0,1.0637,12.32,3.85320031940911,11.6643233064844,4,3396,1,1
aging_implicit,bo_1309,532,131.2,130,0,0,-7.9822,9.1193,-5.69839968059089,11.6643233064844,4,3080,1,1
aging_implicit,bo_1309,533,79.449,90,0,0,2.2762,12.22,6.44950031940911,10.4893233064844,4,3362,1,1
aging_implicit,bo_1309,534,99.158,50,0,0,-1.9185,11.901,3.28150031940911,11.6643233064844,4,3036,1,1
aging_implicit,bo_1309,535,37.676,50,0,0,9.5824,7.3998,11.4039003194091,3.38002330648444,4,2984,1,1
aging_implicit,bo_1309,536,123.16,130,0,0,-6.7299,10.299,-2.67332968059089,-0.862676693515564,4,2950,0,1
aging_implicit,bo_1309,537,129.21,90,0,0,-7.8118,9.576,-3.50700968059089,-1.09197669351556,4,2829,0,1
aging_implicit,bo_1309,538,89.164,90,0,0,0.1771,12.133,4.21050031940911,11.6643233064844,4,2846,1,1
aging_implicit,bo_1309,539,146.73,130,0,0,-10.276,6.7412,-9.41419968059089,6.61932330648444,4,2649,1,1
aging_implicit,bo_1309,540,92.086,50,0,0,-0.451,12.381,4.66310031940911,11.6643233064844,4,2856,1,1
aging_implicit,bo_1309,139,169.56,130,0,0,-11.025,2.0323,-12.4764535649813,4.43968334909628,1,3609,1,0
aging_implicit,bo_1309,140,114.61,90,0,0,-4.7547,10.383,-4.47335356498132,11.6346833490963,1,2570,1,0
aging_implicit,bo_1309,141,59.371,50,0,0,5.7716,9.7479,9.05614643501868,7.47838334909628,1,2803,1,0
aging_implicit,bo_1309,142,110.23,90,0,0,-4.0203,10.91,-2.85355356498132,11.6346833490963,1,3227,1,0
aging_implicit,bo_1309,143,70.975,50,0,0,3.8451,11.151,8.36534643501868,9.62868334909628,1,3859,1,0
aging_implicit,bo_1309,144,169.63,130,0,0,-10.969,2.0073,-10.7854535649813,3.55098334909628,1,2609,1,0
aging_implicit,bo_1309,145,138.31,130,0,0,-9.0075,8.0219,-8.28445356498132,7.87968334909628,1,2669,1,0
aging_implicit,bo_1309,146,74.923,50,0,0,3.0184,11.205,9.41344643501868,7.93698334909628,1,2509,1,0
aging_implicit,bo_1309,147,111.88,90,0,0,-4.2603,10.607,-3.49675356498132,11.6346833490963,1,3329,1,0
aging_implicit,bo_1309,148,101.42,90,0,0,-2.2977,11.376,0.933696435018681,11.6346833490963,1,2549,1,0
aging_implicit,bo_1309,149,65.363,50,0,0,4.774,10.409,7.96044643501868,3.52238334909628,1,2725,1,0
aging_implicit,bo_1309,150,138.95,130,0,0,-9.6075,8.3652,-10.0944535649813,7.07698334909628,1,3649,1,0
aging_implicit,bo_1309,151,85.579,50,0,0,0.8904,11.517,5.38794643501868,11.6346833490963,1,2695,1,0
aging_implicit,bo_1309,152,118.16,130,0,0,-6.0796,11.358,-4.25895356498132,11.6346833490963,1,2751,1,0
aging_implicit,bo_1309,153,95.974,90,0,0,-1.1906,11.377,1.79124643501868,10.8606833490963,1,2643,1,0
aging_implicit,bo_1309,154,67.217,50,0,0,4.4514,10.598,9.74684643501868,6.01638334909628,1,2757,1,0
aging_implicit,bo_1309,155,102.87,90,0,0,-2.5199,11.033,-0.114363564981319,11.6346833490963,1,2589,1,0
aging_implicit,bo_1309,156,113.13,130,0,0,-4.7232,11.058,-4.64005356498132,11.6346833490963,1,2630,1,0
aging_implicit,bo_1309,283,65.221,50,0,0,4.6747,10.127,10.0803464350187,10.2016833490963,2,3944,1,0
aging_implicit,bo_1309,284,151.95,130,0,0,-9.9957,5.326,-9.66595356498132,6.73298334909628,2,2569,1,0
aging_implicit,bo_1309,285,107.58,90,0,0,-3.4216,10.801,-0.543113564981319,10.1726833490963,2,3293,1,0
aging_implicit,bo_1309,286,108.74,90,0,0,-3.6599,10.786,-2.44865356498132,11.6346833490963,2,3829,1,0
aging_implicit,bo_1309,287,93.144,50,0,0,-0.6318,11.504,3.24414643501868,11.6346833490963,2,2593,1,0
aging_implicit,bo_1309,288,151.2,130,0,0,-9.8455,5.4123,-10.1424535649813,6.73298334909628,2,2569,1,0
aging_implicit,bo_1309,289,175.29,130,0,0,-11.85,0.9755,-11.2144535649813,3.23568334909628,2,2530,1,0
aging_implicit,bo_1309,290,96.165,50,0,0,-1.2547,11.616,4.38754643501868,11.6346833490963,2,2593,1,0
aging_implicit,bo_1309,291,107.84,90,0,0,-3.6414,11.315,0.195293835018681,11.6346833490963,2,3466,1,0
aging_implicit,bo_1309,292,134.54,90,0,0,-8.1715,8.3046,-6.66475356498132,11.6346833490963,2,2430,1,0
aging_implicit,bo_1309,293,137.28,130,0,0,-8.4968,7.8468,-7.83185356498132,8.96868334909628,2,2430,1,0
aging_implicit,bo_1309,294,72.198,50,0,0,3.7289,11.613,10.5565464350187,7.16298334909628,2,2672,1,0
aging_implicit,bo_1309,295,120.54,130,0,0,-5.8028,9.8356,-4.59245356498132,11.6346833490963,2,2476,1,0
aging_implicit,bo_1309,296,99.356,90,0,0,-1.8268,11.088,1.71974643501868,10.2016833490963,2,2576,1,0
aging_implicit,bo_1309,297,87.997,50,0,0,0.397,11.354,3.19654643501868,11.6346833490963,2,2751,1,0
aging_implicit,bo_1309,298,117.2,130,0,0,-5.2704,10.256,-3.52055356498132,11.6346833490963,2,2604,1,0
aging_implicit,bo_1309,299,36.805,50,0,0,9.1172,6.8217,11.1045464350187,4.29638334909628,2,2509,1,0
aging_implicit,bo_1309,300,88.775,90,0,0,0.2509,11.733,5.67374643501868,11.6346833490963,2,2469,1,0
aging_implicit,bo_1309,427,135.7,90,0,0,-7.9565,7.7639,-4.83065356498132,11.6346833490963,3,4362,1,0
aging_implicit,bo_1309,428,168.11,130,0,0,-11.167,2.3506,-11.7624535649813,4.03838334909628,3,2429,1,0
aging_implicit,bo_1309,429,78.811,50,0,0,2.3056,11.656,6.43594643501868,11.6346833490963,3,2783,1,0
aging_implicit,bo_1309,430,109.28,90,0,0,-3.8207,10.923,-0.543113564981319,11.6346833490963,3,2773,1,0
aging_implicit,bo_1309,431,89.215,50,0,0,0.1637,11.945,3.22034643501868,11.6346833490963,3,2733,1,0
aging_implicit,bo_1309,432,171.46,130,0,0,-11.332,1.7018,-9.40395356498132,1.02838334909628,3,2685,1,0
aging_implicit,bo_1309,433,102.44,90,0,0,-2.383,10.807,1.79124643501868,11.6346833490963,3,3399,1,0
aging_implicit,bo_1309,434,86.89,50,0,0,0.6122,11.269,4.05404643501868,11.6346833490963,3,2658,1,0
aging_implicit,bo_1309,435,123.77,130,0,0,-6.3955,9.5628,-6.16445356498132,10.9756833490963,3,2570,1,0
aging_implicit,bo_1309,436,165.16,130,0,0,-11.02,2.9202,-11.5474535649813,3.86638334909628,3,2386,1,0
aging_implicit,bo_1309,437,92.029,50,0,0,-0.4082,11.524,6.00724643501868,10.9756833490963,3,2798,1,0
aging_implicit,bo_1309,438,106.57,90,0,0,-3.2744,11.004,-0.781303564981319,8.42468334909628,3,2544,1,0
aging_implicit,bo_1309,439,131.34,130,0,0,-7.7031,8.7564,-6.25975356498132,11.6346833490963,3,2526,1,0
aging_implicit,bo_1309,440,105.85,90,0,0,-3.05,10.74,-0.757483564981319,11.6346833490963,3,2647,1,0
aging_implicit,bo_1309,441,93.673,50,0,0,-0.7465,11.63,2.88684643501868,11.6346833490963,3,2658,1,0
aging_implicit,bo_1309,442,121.1,130,0,0,-5.987,9.925,-5.37845356498132,8.08068334909628,3,2589,1,0
aging_implicit,bo_1309,443,94.734,50,0,0,-0.948,11.447,3.53004643501868,11.6346833490963,3,3244,1,0
aging_implicit,bo_1309,444,83.855,90,0,0,1.2302,11.426,5.24504643501868,11.6346833490963,3,2686,1,0
aging_implicit,bo_1309,571,86.315,90,0,0,0.7221,11.213,4.48274643501868,11.6346833490963,4,3817,1,0
aging_implicit,bo_1309,572,147.52,130,0,0,-9.7851,6.2292,-8.11765356498132,8.88268334909628,4,2569,1,0
aging_implicit,bo_1309,573,77.296,50,0,0,2.6005,11.536,4.86394643501868,6.04498334909628,4,2809,1,0
aging_implicit,bo_1309,574,142.5,130,0,0,-8.9905,6.8976,-9.30865356498132,7.07698334909628,4,2537,1,0
aging_implicit,bo_1309,575,103.59,50,0,0,-2.692,11.139,3.57764643501868,11.6346833490963,4,2473,1,0
aging_implicit,bo_1309,576,110.14,90,0,0,-3.8909,10.609,0.147654435018681,11.6346833490963,4,2637,1,0
aging_implicit,bo_1309,577,121.63,130,0,0,-6.2292,10.112,-4.23515356498132,11.6346833490963,4,2553,1,0
aging_implicit,bo_1309,578,91.52,50,0,0,-0.3136,11.817,3.81584643501868,11.6346833490963,4,2573,1,0
aging_implicit,bo_1309,579,83.844,90,0,0,1.2502,11.59,5.57844643501868,11.6346833490963,4,3485,1,0
aging_implicit,bo_1309,580,134.16,130,0,0,-7.9623,8.1989,-5.21175356498132,10.5456833490963,4,2495,1,0
aging_implicit,bo_1309,581,78.984,90,0,0,2.2632,11.625,5.62614643501868,10.8036833490963,4,2647,1,0
aging_implicit,bo_1309,582,99.011,50,0,0,-1.7769,11.205,3.50624643501868,11.6346833490963,4,2489,1,0
aging_implicit,bo_1309,583,39.85,50,0,0,8.814,7.3565,11.2955464350187,4.29638334909628,4,2593,1,0
aging_implicit,bo_1309,584,123.28,130,0,0,-6.251,9.5234,-4.54475356498132,11.6346833490963,4,2477,1,0
aging_implicit,bo_1309,585,128.07,90,0,0,-7.1276,9.0999,-5.66425356498132,11.6346833490963,4,3169,1,0
aging_implicit,bo_1309,586,87.286,90,0,0,0.5457,11.512,5.05444643501868,11.0616833490963,4,2505,1,0
aging_implicit,bo_1309,587,146.19,130,0,0,-9.4305,6.3153,-10.4524535649813,6.93368334909628,4,2629,1,0
aging_implicit,bo_1309,588,91.602,50,0,0,-0.3263,11.669,5.45934643501868,11.6346833490963,4,2483,1,0
aging_implicit,jf_0804,91,168.1,130,0,0,-11.919,2.5114,-10.9108357056887,4.79856518576824,1,5139,1,1
aging_implicit,jf_0804,92,100.3,50,0,0,-2.159,11.886,1.78456429431135,11.7645651857682,1,4345,1,1
aging_implicit,jf_0804,93,140.32,90,0,0,-9.4425,7.8326,-5.59943570568865,10.1875651857682,1,3959,1,1
aging_implicit,jf_0804,94,103.24,50,0,0,-2.7595,11.733,1.61786429431135,11.5635651857682,1,4081,1,1
aging_implicit,jf_0804,95,132.81,90,0,0,-8.1726,8.8232,-5.79003570568865,10.4175651857682,1,4651,1,1
aging_implicit,jf_0804,96,130.4,130,0,0,-7.9314,9.3187,-8.21963570568865,9.55756518576824,1,3859,1,1
aging_implicit,jf_0804,97,126.03,90,0,0,-7.0932,9.7525,-6.05203570568865,10.3315651857682,1,3578,1,1
aging_implicit,jf_0804,98,103.83,130,0,0,-2.8873,11.726,-2.81263570568865,12.1655651857682,1,3357,1,1
aging_implicit,jf_0804,99,59.818,50,0,0,6.1158,10.516,7.40596429431135,9.04156518576824,1,3273,1,1
aging_implicit,jf_0804,100,124.27,90,0,0,-6.7888,9.9647,-5.64713570568865,10.1875651857682,1,3501,1,1
aging_implicit,jf_0804,101,104.12,130,0,0,-2.9488,11.725,-3.00313570568865,12.1945651857682,1,4147,1,1
aging_implicit,jf_0804,102,85.777,50,0,0,0.8861,12,1.92746429431135,11.9365651857682,1,3457,1,1
aging_implicit,jf_0804,103,88.857,90,0,0,0.2411,12.088,-0.883235705688652,12.0225651857682,1,4473,1,1
aging_implicit,jf_0804,104,135.86,130,0,0,-8.6729,8.4156,-7.14773570568865,9.61456518576824,1,3245,1,1
aging_implicit,jf_0804,105,81.802,50,0,0,1.7151,11.904,1.71306429431135,11.7935651857682,1,3295,1,1
aging_implicit,jf_0804,106,96.092,90,0,0,-1.285,12.039,-0.502105705688652,11.7645651857682,1,2959,1,1
aging_implicit,jf_0804,107,88.15,50,0,0,0.3933,12.176,1.64166429431135,11.7935651857682,1,3169,1,1
aging_implicit,jf_0804,108,102.19,130,0,0,-2.5574,11.84,-2.97933570568865,11.7075651857682,1,3241,1,1
aging_implicit,jf_0804,235,106.47,50,0,0,-3.4534,11.677,1.73696429431135,11.9075651857682,2,5078,1,1
aging_implicit,jf_0804,236,66.171,90,0,0,4.9011,11.097,5.16696429431135,10.8185651857682,2,3888,1,1
aging_implicit,jf_0804,237,144.78,130,0,0,-9.963,7.0331,-7.31443570568865,9.61456518576824,2,2939,1,1
aging_implicit,jf_0804,238,137.36,90,0,0,-8.9346,8.2265,-5.74233570568865,10.4175651857682,2,2900,1,1
aging_implicit,jf_0804,239,58.777,50,0,0,6.3111,10.411,7.40596429431135,8.55386518576824,2,3017,1,1
aging_implicit,jf_0804,240,164.04,130,0,0,-11.577,3.3117,-10.3398357056887,4.13926518576824,2,3039,1,1
aging_implicit,jf_0804,241,117.81,130,0,0,-5.6801,10.767,-2.55053570568865,11.3915651857682,2,3123,1,1
aging_implicit,jf_0804,242,100.69,90,0,0,-2.2479,11.905,-0.406825705688652,11.9365651857682,2,3099,1,1
aging_implicit,jf_0804,243,104.67,50,0,0,-3.0394,11.614,2.30856429431135,11.7075651857682,2,2879,1,1
aging_implicit,jf_0804,244,35.335,50,0,0,9.8336,6.9717,11.4071642943113,4.62656518576824,2,3219,1,1
aging_implicit,jf_0804,245,100.25,90,0,0,-2.1482,11.876,0.0695642943113477,12.4525651857682,2,3019,1,1
aging_implicit,jf_0804,246,165.74,130,0,0,-11.78,2.9929,-11.1498357056887,3.76656518576824,2,2779,1,1
aging_implicit,jf_0804,247,114.87,130,0,0,-5.0668,10.928,-2.28853570568865,11.7355651857682,2,3139,1,1
aging_implicit,jf_0804,248,104.67,90,0,0,-3.0696,11.728,-0.0495357056886523,12.6535651857682,2,3099,1,1
aging_implicit,jf_0804,249,96.126,50,0,0,-1.2849,11.972,2.18946429431135,10.9905651857682,2,2979,1,1
aging_implicit,jf_0804,250,139.11,130,0,0,-9.2173,7.9808,-7.71943570568865,9.78656518576824,2,3001,1,1
aging_implicit,jf_0804,251,133.13,90,0,0,-8.2505,8.8083,-5.69473570568865,10.5315651857682,2,2719,1,1
aging_implicit,jf_0804,252,32.248,50,0,0,10.172,6.4176,11.4071642943113,4.74126518576824,2,3079,1,1
aging_implicit,jf_0804,379,97.163,50,0,0,-1.5248,12.132,2.38006429431135,11.9655651857682,3,10648,1,1
aging_implicit,jf_0804,380,135.52,90,0,0,-8.7049,8.5493,-5.71853570568865,10.4175651857682,3,2900,1,1
aging_implicit,jf_0804,381,114.25,130,0,0,-5.007,11.115,-2.59823570568865,11.3635651857682,3,2899,1,1
aging_implicit,jf_0804,382,144.12,130,0,0,-9.9452,7.1932,-7.33823570568865,9.35656518576824,3,2919,1,1
aging_implicit,jf_0804,383,138.71,90,0,0,-9.185,8.065,-5.64713570568865,10.2455651857682,3,4378,1,1
aging_implicit,jf_0804,384,108.79,50,0,0,-3.8699,11.374,1.92746429431135,11.9075651857682,3,4688,1,1
aging_implicit,jf_0804,385,157.88,130,0,0,-11.316,4.5997,-10.3158357056887,4.82726518576824,3,2779,1,1
aging_implicit,jf_0804,386,70.545,50,0,0,4.0384,11.433,6.92956429431135,8.58256518576824,3,2918,1,1
aging_implicit,jf_0804,387,105.05,90,0,0,-3.1753,11.807,-0.525925705688652,11.9935651857682,3,2819,1,1
aging_implicit,jf_0804,388,132.33,90,0,0,-8.1353,8.9302,-5.71853570568865,10.8755651857682,3,2699,1,1
aging_implicit,jf_0804,389,38.363,50,0,0,9.6765,7.6594,10.7641642943113,4.79856518576824,3,2812,1,1
aging_implicit,jf_0804,390,134.92,130,0,0,-8.5646,8.5893,-7.48123570568865,9.67156518576824,3,2879,1,1
aging_implicit,jf_0804,391,90.481,50,0,0,-0.1022,12.182,1.90366429431135,11.6495651857682,3,2719,1,1
aging_implicit,jf_0804,392,70.75,90,0,0,3.9604,11.341,5.21456429431135,10.4745651857682,3,2939,1,1
aging_implicit,jf_0804,393,167.89,130,0,0,-11.803,2.5334,-10.5538357056887,5.11386518576824,3,2759,1,1
aging_implicit,jf_0804,394,140.8,130,0,0,-9.4496,7.7056,-7.43353570568865,9.70056518576824,3,2800,1,1
aging_implicit,jf_0804,395,97.315,50,0,0,-1.5358,11.964,1.73696429431135,12.0795651857682,3,2883,1,1
aging_implicit,jf_0804,396,92.894,90,0,0,-0.615,12.165,0.236304294311348,12.9115651857682,3,2520,1,1
aging_implicit,jf_0804,523,97.872,50,0,0,-1.6565,11.98,2.07036429431135,11.9365651857682,4,4557,1,1
aging_implicit,jf_0804,524,109.32,90,0,0,-3.9752,11.336,0.0457442943113477,12.5385651857682,4,2979,1,1
aging_implicit,jf_0804,525,177.61,130,0,0,-12.157,0.5069,-10.3868357056887,4.51186518576824,4,2999,1,1
aging_implicit,jf_0804,526,122.97,130,0,0,-6.5402,10.084,-2.40763570568865,11.6215651857682,4,2999,1,1
aging_implicit,jf_0804,527,96.769,50,0,0,-1.4187,11.952,2.09426429431135,11.5635651857682,4,3159,1,1
aging_implicit,jf_0804,528,99.958,90,0,0,-2.0762,11.825,-0.00189570568865233,11.1915651857682,4,2979,1,1
aging_implicit,jf_0804,529,141.97,90,0,0,-9.5129,7.4413,-5.64713570568865,10.4745651857682,4,3099,1,1
aging_implicit,jf_0804,530,111.31,130,0,0,-4.3725,11.208,-3.00313570568865,11.7075651857682,4,3379,1,1
aging_implicit,jf_0804,531,70.182,50,0,0,4.0794,11.32,7.16776429431135,8.92656518576824,4,3339,1,1
aging_implicit,jf_0804,532,131.22,90,0,0,-7.9568,9.0819,-5.43273570568865,10.7615651857682,4,3140,1,1
aging_implicit,jf_0804,533,139.72,130,0,0,-9.2135,7.8092,-2.59823570568865,12.7395651857682,4,3139,1,1
aging_implicit,jf_0804,534,91.293,50,0,0,-0.2748,12.179,1.71306429431135,11.6785651857682,4,2920,1,1
aging_implicit,jf_0804,535,106.48,130,0,0,-3.4369,11.618,-2.31233570568865,12.1375651857682,4,2740,1,1
aging_implicit,jf_0804,536,86.56,50,0,0,0.7326,12.186,1.78456429431135,11.7075651857682,4,2780,1,1
aging_implicit,jf_0804,537,101.59,90,0,0,-2.4312,11.854,0.117204294311348,12.6245651857682,4,3680,1,1
aging_implicit,jf_0804,538,36.141,130,0,0,9.7113,7.0922,-2.50293570568865,12.3665651857682,4,6706,0,1
aging_implicit,jf_0804,539,126.56,90,0,0,-7.1954,9.7012,-6.12353570568865,11.1335651857682,4,3239,1,1
aging_implicit,jf_0804,540,33.743,50,0,0,10.159,6.7862,10.9311642943113,5.25726518576824,4,3074,1,1
aging_implicit,jf_0804,139,166.95,130,0,0,-11.122,2.5781,-10.892779668025,4.75568456914274,1,3656,1,0
aging_implicit,jf_0804,140,97.338,50,0,0,-1.4456,11.225,1.96942033197505,11.8073845691427,1,2660,1,0
aging_implicit,jf_0804,141,138.68,90,0,0,-8.5215,7.4909,-5.67667966802495,10.6323845691427,1,2440,1,0
aging_implicit,jf_0804,142,101.03,50,0,0,-2.1446,10.999,1.82642033197505,12.2373845691427,1,2965,1,0
aging_implicit,jf_0804,143,132.22,90,0,0,-7.4515,8.2123,-6.34357966802495,10.4603845691427,1,2580,1,0
aging_implicit,jf_0804,144,131.66,130,0,0,-7.5557,8.4919,-7.53457966802495,8.91238456914274,1,2500,1,0
aging_implicit,jf_0804,145,125.74,90,0,0,-6.508,9.0436,-6.08157966802495,10.1453845691427,1,2340,1,0
aging_implicit,jf_0804,146,103.52,130,0,0,-2.6404,10.98,-2.79447966802495,11.3773845691427,1,2399,1,0
aging_implicit,jf_0804,147,58.626,50,0,0,5.8288,9.5587,7.04292033197505,9.14138456914274,1,2599,1,0
aging_implicit,jf_0804,148,123.67,90,0,0,-6.1616,9.2492,-6.22447966802495,10.8903845691427,1,3727,1,0
aging_implicit,jf_0804,149,103.54,130,0,0,-2.6539,11.019,-2.88977966802495,11.4633845691427,1,2338,1,0
aging_implicit,jf_0804,150,82.559,50,0,0,1.4699,11.255,1.87412033197505,11.8363845691427,1,2539,1,0
aging_implicit,jf_0804,151,87.29,90,0,0,0.5355,11.313,-0.460209668024953,11.7213845691427,1,2319,1,0
aging_implicit,jf_0804,152,135.52,130,0,0,-8.0013,7.8578,-11.154779668025,4.87038456914274,1,2983,1,0
aging_implicit,jf_0804,153,80.365,50,0,0,1.9006,11.196,1.75502033197505,11.8363845691427,1,2445,1,0
aging_implicit,jf_0804,154,93.642,90,0,0,-0.7169,11.264,-0.293479668024953,12.4093845691427,1,2599,1,0
aging_implicit,jf_0804,155,86.051,50,0,0,0.7854,11.377,1.85032033197505,12.1513845691427,1,2559,1,0
aging_implicit,jf_0804,156,100.91,130,0,0,-2.1246,11.018,-3.08037966802495,11.8933845691427,1,2439,1,0
aging_implicit,jf_0804,283,104.65,50,0,0,-2.8461,10.89,2.30282033197505,12.2663845691427,2,2940,1,0
aging_implicit,jf_0804,284,66.283,90,0,0,4.5909,10.45,5.08972033197505,10.9473845691427,2,3478,1,0
aging_implicit,jf_0804,285,146.03,130,0,0,-9.4345,6.3575,-10.845779668025,4.58368456914274,2,2419,1,0
aging_implicit,jf_0804,286,137.39,90,0,0,-8.262,7.6006,-5.58137966802495,10.8903845691427,2,3640,1,0
aging_implicit,jf_0804,287,57.226,50,0,0,6.2287,9.6748,11.163220331975,4.75568456914274,2,2579,1,0
aging_implicit,jf_0804,288,165.91,130,0,0,-10.829,2.7183,-10.892779668025,4.21108456914274,2,2399,1,0
aging_implicit,jf_0804,289,117.61,130,0,0,-5.262,10.062,-2.67537966802495,11.6933845691427,2,2699,1,0
aging_implicit,jf_0804,290,99.491,90,0,0,-1.8667,11.166,-0.912779668024953,11.4353845691427,2,2439,1,0
aging_implicit,jf_0804,291,103.4,50,0,0,-2.5716,10.795,2.08842033197505,12.4953845691427,2,2539,1,0
aging_implicit,jf_0804,292,36.079,50,0,0,9.1554,6.6711,11.021220331975,4.61238456914274,2,2499,1,0
aging_implicit,jf_0804,293,99.208,90,0,0,-1.7885,11.033,-0.341119668024953,11.6643845691427,2,2479,1,0
aging_implicit,jf_0804,294,166.64,130,0,0,-11.062,2.6268,-10.916779668025,4.98508456914274,2,2499,1,0
aging_implicit,jf_0804,295,114.36,130,0,0,-4.6075,10.176,-2.58017966802495,11.6933845691427,2,2439,1,0
aging_implicit,jf_0804,296,103.71,90,0,0,-2.6812,10.991,-0.198199668024953,12.2093845691427,2,2639,1,0
aging_implicit,jf_0804,297,94.979,50,0,0,-0.9676,11.107,1.75502033197505,11.6933845691427,2,2759,1,0
aging_implicit,jf_0804,298,139.6,130,0,0,-8.6518,7.3623,-8.10627966802495,8.62568456914274,2,3339,1,0
aging_implicit,jf_0804,299,133.67,90,0,0,-7.7597,8.1285,-5.91487966802495,10.8333845691427,2,2819,1,0
aging_implicit,jf_0804,300,34.877,50,0,0,9.401,6.5526,10.782220331975,5.15708456914274,2,2499,1,0
aging_implicit,jf_0804,427,97.521,50,0,0,-1.5026,11.381,2.42192033197505,12.1803845691427,3,2680,1,0
aging_implicit,jf_0804,428,135.35,90,0,0,-8.1463,8.0469,-5.89107966802495,10.8613845691427,3,2359,1,0
aging_implicit,jf_0804,429,113.63,130,0,0,-4.5036,10.291,-2.91357966802495,12.1513845691427,3,2339,1,0
aging_implicit,jf_0804,430,145.1,130,0,0,-9.3384,6.514,-10.416779668025,4.09638456914274,3,2399,1,0
aging_implicit,jf_0804,431,139.23,90,0,0,-8.5116,7.3381,-6.17687966802495,9.82938456914274,3,2519,1,0
aging_implicit,jf_0804,432,108.26,50,0,0,-3.4669,10.508,1.94552033197505,12.1803845691427,3,2339,1,0
aging_implicit,jf_0804,433,157.41,130,0,0,-10.385,4.3212,-10.940779668025,4.95638456914274,3,2299,1,0
aging_implicit,jf_0804,434,70.132,50,0,0,3.8182,10.566,6.80472033197505,9.39938456914274,3,3110,1,0
aging_implicit,jf_0804,435,104.17,90,0,0,-2.7894,11.044,0.206731331975047,12.8973845691427,3,2659,1,0
aging_implicit,jf_0804,436,132.34,90,0,0,-7.5178,8.2506,-5.67667966802495,10.2023845691427,3,2680,1,0
aging_implicit,jf_0804,437,41.828,50,0,0,8.8103,7.8851,11.687220331975,5.64438456914274,3,2519,1,0
aging_implicit,jf_0804,438,136.66,130,0,0,-8.2199,7.7567,-7.53457966802495,10.0013845691427,3,2460,1,0
aging_implicit,jf_0804,439,89.355,50,0,0,0.1276,11.334,1.92172033197505,11.3773845691427,3,2740,1,0
aging_implicit,jf_0804,440,69.321,90,0,0,3.9911,10.574,4.51802033197505,10.0303845691427,3,2729,1,0
aging_implicit,jf_0804,441,168.64,130,0,0,-10.935,2.1964,-12.417779668025,4.84168456914274,3,2499,1,0
aging_implicit,jf_0804,442,141.94,130,0,0,-8.8829,6.9553,-7.82037966802495,9.48538456914274,3,2539,1,0
aging_implicit,jf_0804,443,96.207,50,0,0,-1.2249,11.262,1.94552033197505,12.4383845691427,3,4701,1,0
aging_implicit,jf_0804,444,92.135,90,0,0,-0.4207,11.284,-0.364939668024953,12.2093845691427,3,2379,1,0
aging_implicit,jf_0804,571,96.718,50,0,0,-1.3099,11.12,2.11232033197505,12.2663845691427,4,2946,1,0
aging_implicit,jf_0804,572,110.14,90,0,0,-3.828,10.437,-6.01017966802495,10.9473845691427,4,2979,1,0
aging_implicit,jf_0804,573,176.98,130,0,0,-11.333,0.5985,-10.916779668025,4.49768456914274,4,2839,1,0
aging_implicit,jf_0804,574,122.52,130,0,0,-5.9754,9.3721,-2.46107966802495,11.4633845691427,4,2439,1,0
aging_implicit,jf_0804,575,95.592,50,0,0,-1.0833,11.065,1.68352033197505,12.2663845691427,4,2579,1,0
aging_implicit,jf_0804,576,99.116,90,0,0,-1.7594,10.965,-0.364939668024953,12.2373845691427,4,2519,1,0
aging_implicit,jf_0804,577,141.95,90,0,0,-8.7628,6.8582,-5.27177966802495,10.3453845691427,4,2679,1,0
aging_implicit,jf_0804,578,110.48,130,0,0,-3.9284,10.516,-2.65157966802495,11.4353845691427,4,2599,1,0
aging_implicit,jf_0804,579,69.497,50,0,0,3.9507,10.565,7.18582033197505,9.42838456914274,4,2780,1,0
aging_implicit,jf_0804,580,131.88,90,0,0,-7.4614,8.3209,-5.50997966802495,10.1453845691427,4,2820,1,0
aging_implicit,jf_0804,581,139.91,130,0,0,-8.5567,7.2018,-7.84427966802495,9.54338456914274,4,2739,1,0
aging_implicit,jf_0804,582,89.5,50,0,0,0.0991,11.353,1.49302033197505,10.6323845691427,4,2888,1,0
aging_implicit,jf_0804,583,105.97,130,0,0,-3.0813,10.764,-2.48487966802495,11.2913845691427,4,2499,1,0
aging_implicit,jf_0804,584,84.636,50,0,0,1.0702,11.397,0.897490331975047,10.0593845691427,4,2719,1,0
aging_implicit,jf_0804,585,100.31,90,0,0,-2.0182,11.094,-0.579309668024953,12.9833845691427,4,2599,1,0
aging_implicit,jf_0804,586,38.44,130,0,0,8.766,6.9578,10.211220331975,5.84508456914274,4,9399,1,0
aging_implicit,jf_0804,587,126.45,90,0,0,-6.6078,8.9451,-5.86717966802495,9.31338456914274,4,4964,1,0
aging_implicit,jf_0804,588,35.304,50,0,0,9.4694,6.7058,10.901220331975,4.78438456914274,4,3438,1,0
aging_implicit,tf_0831,91,54.113,50,0,0,7.1397,9.8677,9.30159863071282,6.32720651627223,1,24290,1,1
aging_implicit,tf_0831,92,159.38,130,0,0,-11.232,4.2273,-10.3258013692872,6.58520651627223,1,8250,1,1
aging_implicit,tf_0831,93,108.81,90,0,0,-3.9487,11.591,-1.56019136928718,12.2612065162722,1,4074,1,1
aging_implicit,tf_0831,94,106.02,90,0,0,-3.3158,11.551,2.25089863071282,11.8602065162722,1,5167,1,1
aging_implicit,tf_0831,95,167.11,130,0,0,-11.744,2.6868,-11.9214013692872,4.86520651627223,1,3849,1,1
aging_implicit,tf_0831,96,63.015,50,0,0,5.4497,10.702,9.27759863071282,5.46720651627223,1,3424,1,1
aging_implicit,tf_0831,97,156,130,0,0,-10.982,4.8895,-10.2305013692872,6.84320651627223,1,3609,1,1
aging_implicit,tf_0831,98,111.58,90,0,0,-4.5562,11.52,-1.32200136928718,12.7202065162722,1,3149,1,1
aging_implicit,tf_0831,99,76.819,50,0,0,2.7454,11.722,5.34739863071282,9.73820651627223,1,3889,1,1
aging_implicit,tf_0831,100,136.45,130,0,0,-8.8411,8.4044,-8.51550136928718,9.62420651627223,1,3349,1,1
aging_implicit,tf_0831,101,105.89,90,0,0,-3.3159,11.647,-3.46580136928718,12.6912065162722,1,3009,1,1
aging_implicit,tf_0831,102,56.532,50,0,0,6.6732,10.094,8.61069863071282,5.72520651627223,1,3129,1,1
aging_implicit,tf_0831,103,89.027,50,0,0,0.21,12.36,2.53679863071282,11.3152065162722,1,3190,1,1
aging_implicit,tf_0831,104,159.16,130,0,0,-11.432,4.3516,-11.5404013692872,4.92250651627223,1,3030,1,1
aging_implicit,tf_0831,105,93.556,90,0,0,-0.7473,12.024,0.345398630712817,12.1182065162722,1,3470,1,1
aging_implicit,tf_0831,106,133.51,130,0,0,-8.5012,8.9556,-8.18200136928718,9.28020651627223,1,3069,1,1
aging_implicit,tf_0831,107,83.569,50,0,0,1.3602,12.067,4.39469863071282,10.2262065162722,1,3189,1,1
aging_implicit,tf_0831,108,116.07,90,0,0,-5.3101,10.853,-4.68050136928718,12.0602065162722,1,3069,1,1
aging_implicit,tf_0831,235,109.42,90,0,0,-4.029,11.426,-2.41770136928718,12.2322065162722,2,4752,1,1
aging_implicit,tf_0831,236,171.41,130,0,0,-12.319,1.8617,-10.3734013692872,3.91920651627223,2,3409,1,1
aging_implicit,tf_0831,237,54.176,50,0,0,7.06,9.7802,9.77759863071282,7.81790651627223,2,3132,1,1
aging_implicit,tf_0831,238,93.448,90,0,0,-0.7311,12.134,1.22669863071282,12.2042065162722,2,3569,1,1
aging_implicit,tf_0831,239,85.125,50,0,0,1.0408,12.203,3.98969863071282,11.6592065162722,2,3149,1,1
aging_implicit,tf_0831,240,141.68,130,0,0,-9.527,7.5282,-9.20620136928718,6.44190651627223,2,3349,1,1
aging_implicit,tf_0831,241,65.337,50,0,0,5.2022,11.33,7.15769863071282,9.76720651627223,2,3329,1,1
aging_implicit,tf_0831,242,122.5,130,0,0,-6.6675,10.464,-6.56230136928718,10.0542065162722,2,3129,1,1
aging_implicit,tf_0831,243,90.433,90,0,0,-0.0936,12.38,1.70309863071282,12.4622065162722,2,2849,1,1
aging_implicit,tf_0831,244,110.75,90,0,0,-4.319,11.4,-2.65590136928718,11.8882065162722,2,2809,1,1
aging_implicit,tf_0831,245,145.35,130,0,0,-10.12,6.9936,-9.56350136928718,6.55650651627223,2,2949,1,1
aging_implicit,tf_0831,246,45.257,50,0,0,8.5329,8.6098,10.9445986307128,4.86520651627223,2,2849,1,1
aging_implicit,tf_0831,247,107.98,130,0,0,-3.811,11.743,-4.08510136928718,11.2292065162722,2,3350,1,1
aging_implicit,tf_0831,248,94.994,90,0,0,-1.076,12.314,0.845598630712817,11.9742065162722,2,2950,1,1
aging_implicit,tf_0831,249,80.182,50,0,0,2.1414,12.375,3.96589863071282,12.1462065162722,2,2889,1,1
aging_implicit,tf_0831,250,80.088,90,0,0,2.1072,12.059,3.94209863071282,10.8852065162722,2,2969,1,1
aging_implicit,tf_0831,251,90.058,50,0,0,-0.0124,12.175,3.60859863071282,10.5982065162722,2,2829,1,1
aging_implicit,tf_0831,252,145.99,130,0,0,-10.096,6.8126,-9.49210136928718,5.61050651627223,2,2829,1,1
aging_implicit,tf_0831,379,140.06,130,0,0,-9.2513,7.7474,-8.99190136928718,6.09790651627223,3,5330,1,1
aging_implicit,tf_0831,380,63.62,50,0,0,5.404,10.896,8.61069863071282,7.21590651627223,3,2889,1,1
aging_implicit,tf_0831,381,108.29,90,0,0,-3.845,11.636,-0.750331369287183,12.2042065162722,3,2829,1,1
aging_implicit,tf_0831,382,78.86,90,0,0,2.3489,11.929,3.51329863071282,12.2042065162722,3,3069,1,1
aging_implicit,tf_0831,383,89.41,50,0,0,0.1243,12.071,4.18029863071282,12.2612065162722,3,3109,1,1
aging_implicit,tf_0831,384,139.81,130,0,0,-9.2244,7.7924,-8.20580136928718,8.64920651627223,3,2849,1,1
aging_implicit,tf_0831,385,106.15,130,0,0,-3.432,11.85,-3.22760136928718,12.0322065162722,3,2910,1,1
aging_implicit,tf_0831,386,129.34,90,0,0,-7.841,9.5671,-4.01360136928718,11.3442065162722,3,3110,1,1
aging_implicit,tf_0831,387,53.589,50,0,0,7.2704,9.8574,10.1355986307128,5.72520651627223,3,3010,1,1
aging_implicit,tf_0831,388,118.59,90,0,0,-5.8428,10.722,-2.15570136928718,11.4302065162722,3,3950,1,1
aging_implicit,tf_0831,389,41.705,50,0,0,9.2008,8.199,11.0875986307128,5.35250651627223,3,2817,1,1
aging_implicit,tf_0831,390,143.78,130,0,0,-9.8398,7.2077,-10.0399013692872,4.49250651627223,3,3629,1,1
aging_implicit,tf_0831,391,117.38,130,0,0,-5.6422,10.895,-3.98980136928718,11.9742065162722,3,3029,1,1
aging_implicit,tf_0831,392,75.583,50,0,0,3.0496,11.862,7.51499863071282,9.56620651627223,3,2869,1,1
aging_implicit,tf_0831,393,121.18,90,0,0,-6.3342,10.467,-3.72780136928718,11.7742065162722,3,3349,1,1
aging_implicit,tf_0831,394,126.11,130,0,0,-7.1398,9.7891,-4.87110136928718,10.7992065162722,3,2989,1,1
aging_implicit,tf_0831,395,91.575,90,0,0,-0.3351,12.186,2.67969863071282,11.4582065162722,3,3069,1,1
aging_implicit,tf_0831,396,91.318,50,0,0,-0.2834,12.315,4.51379863071282,11.0572065162722,3,2889,1,1
aging_implicit,tf_0831,523,53.373,50,0,0,7.4024,9.9576,9.25359863071282,8.16220651627223,4,11384,1,1
aging_implicit,tf_0831,524,106.2,90,0,0,-3.3514,11.536,-0.154851369287183,12.2042065162722,4,3142,1,1
aging_implicit,tf_0831,525,152.6,130,0,0,-10.905,5.6532,-10.6592013692872,5.81120651627223,4,2929,1,1
aging_implicit,tf_0831,526,121.88,130,0,0,-6.4647,10.395,-5.32370136928718,10.0542065162722,4,2989,1,1
aging_implicit,tf_0831,527,124.69,90,0,0,-6.9483,10.039,-4.41850136928718,10.5982065162722,4,2954,1,1
aging_implicit,tf_0831,528,44.859,50,0,0,8.5847,8.5426,11.3495986307128,5.40990651627223,4,3229,1,1
aging_implicit,tf_0831,529,135.3,130,0,0,-8.6576,8.5677,-8.63460136928718,6.90050651627223,4,3130,1,1
aging_implicit,tf_0831,530,86.046,50,0,0,0.8485,12.275,3.65629863071282,12.0602065162722,4,2749,1,1
aging_implicit,tf_0831,531,72.787,90,0,0,3.5738,11.536,2.70349863071282,12.2902065162722,4,3129,1,1
aging_implicit,tf_0831,532,74.981,50,0,0,3.1522,11.748,7.82469863071282,8.33420651627223,4,3210,1,1
aging_implicit,tf_0831,533,128.63,130,0,0,-7.7006,9.6346,-7.72940136928718,7.47390651627223,4,2930,1,1
aging_implicit,tf_0831,534,121.74,90,0,0,-6.3982,10.344,-4.13270136928718,11.6592065162722,4,3070,1,1
aging_implicit,tf_0831,535,113.87,130,0,0,-4.8902,11.049,-2.72730136928718,11.7162065162722,4,3109,1,1
aging_implicit,tf_0831,536,104.24,90,0,0,-3.032,11.949,-0.678881369287183,11.6592065162722,4,3529,1,1
aging_implicit,tf_0831,537,73.395,50,0,0,3.4496,11.568,7.61029863071282,8.87820651627223,4,3109,1,1
aging_implicit,tf_0831,538,132.07,130,0,0,-8.2353,9.1231,-7.99140136928718,8.64920651627223,4,3029,1,1
aging_implicit,tf_0831,539,119.06,90,0,0,-6.0344,10.861,-3.46580136928718,10.5982065162722,4,3089,1,1
aging_implicit,tf_0831,540,83.55,50,0,0,1.3577,12.009,4.56139863071282,10.9422065162722,4,3744,1,1
aging_implicit,tf_0831,139,52.472,50,0,0,6.8626,8.9344,9.91841507232868,5.63792893363434,1,3215,1,0
aging_implicit,tf_0831,140,157.51,130,0,0,-10.475,4.3376,-11.6625849276713,4.97862893363434,1,2769,1,0
aging_implicit,tf_0831,141,107.09,90,0,0,-3.4214,11.127,-0.443424927671317,12.6899289336343,1,2909,1,0
aging_implicit,tf_0831,142,104.77,90,0,0,-2.8567,10.836,-1.80112492767132,12.2029289336343,1,3970,1,0
aging_implicit,tf_0831,143,165.32,130,0,0,-10.897,2.8538,-11.8765849276713,5.37992893363434,1,2550,1,0
aging_implicit,tf_0831,144,60.991,50,0,0,5.4397,9.8098,9.89441507232868,6.15392893363433,1,2593,1,0
aging_implicit,tf_0831,145,155.25,130,0,0,-10.172,4.6896,-11.4245849276713,4.66322893363434,1,2650,1,0
aging_implicit,tf_0831,146,108.61,90,0,0,-3.7036,10.999,-1.06272492767132,12.4319289336343,1,2569,1,0
aging_implicit,tf_0831,147,73.434,50,0,0,3.2617,10.965,7.98861507232868,7.70192893363433,1,2609,1,0
aging_implicit,tf_0831,148,137.78,130,0,0,-8.4498,7.667,-9.92358492767132,7.75922893363434,1,2529,1,0
aging_implicit,tf_0831,149,104.65,90,0,0,-2.8534,10.913,-0.348144927671317,11.5719289336343,1,2509,1,0
aging_implicit,tf_0831,150,55.248,50,0,0,6.4401,9.2828,10.0374150723287,5.60922893363434,1,2429,1,0
aging_implicit,tf_0831,151,86.551,50,0,0,0.7009,11.63,6.32131507232868,9.04892893363434,1,2509,1,0
aging_implicit,tf_0831,152,158.95,130,0,0,-10.648,4.0979,-10.8765849276713,6.89922893363434,1,2489,1,0
aging_implicit,tf_0831,153,91.898,90,0,0,-0.373,11.258,0.652315072328683,11.7149289336343,1,2329,1,0
aging_implicit,tf_0831,154,135.1,130,0,0,-8.1065,8.0787,-10.6142849276713,8.50492893363434,1,3089,1,0
aging_implicit,tf_0831,155,79.186,50,0,0,2.2148,11.595,6.79771507232868,9.62292893363434,1,2529,1,0
aging_implicit,tf_0831,156,115.53,90,0,0,-4.9393,10.34,-3.01588492767132,12.4029289336343,1,2404,1,0
aging_implicit,tf_0831,283,107.5,90,0,0,-3.3787,10.713,-1.03890492767132,11.1709289336343,2,2933,1,0
aging_implicit,tf_0831,284,171.45,130,0,0,-11.456,1.7214,-10.2808849276713,4.14722893363434,2,2469,1,0
aging_implicit,tf_0831,285,53.02,50,0,0,6.7999,9.0303,10.7044150723287,5.72392893363434,2,2519,1,0
aging_implicit,tf_0831,286,91.974,90,0,0,-0.3932,11.409,3.55821507232868,11.3139289336343,2,2569,1,0
aging_implicit,tf_0831,287,82.775,50,0,0,1.4418,11.373,5.67821507232868,10.2529289336343,2,2610,1,0
aging_implicit,tf_0831,288,142.03,130,0,0,-8.877,6.9274,-7.97038492767132,8.16092893363434,2,2489,1,0
aging_implicit,tf_0831,289,63.916,50,0,0,5.2189,10.66,11.2754150723287,5.46592893363434,2,2529,1,0
aging_implicit,tf_0831,290,122.95,130,0,0,-6.2719,9.6759,-5.11198492767132,10.7689289336343,2,2390,1,0
aging_implicit,tf_0831,291,88.738,90,0,0,0.2541,11.536,4.01081507232868,10.9409289336343,2,2430,1,0
aging_implicit,tf_0831,292,109.29,90,0,0,-3.7777,10.796,-0.729254927671317,12.9769289336343,2,2390,1,0
aging_implicit,tf_0831,293,146.69,130,0,0,-9.5373,6.2679,-9.59008492767132,6.52662893363433,2,2450,1,0
aging_implicit,tf_0831,294,46.554,50,0,0,7.7961,8.231,11.5144150723287,5.72392893363434,2,2509,1,0
aging_implicit,tf_0831,295,108.64,130,0,0,-3.6956,10.954,-3.53998492767132,11.0559289336343,2,2409,1,0
aging_implicit,tf_0831,296,93.777,90,0,0,-0.7645,11.579,2.62931507232868,11.7729289336343,2,2469,1,0
aging_implicit,tf_0831,297,77.717,50,0,0,2.5476,11.701,7.15501507232868,9.19292893363434,2,2469,1,0
aging_implicit,tf_0831,298,79.145,90,0,0,2.1694,11.314,4.63011507232868,11.1709289336343,2,2469,1,0
aging_implicit,tf_0831,299,87.759,50,0,0,0.4468,11.419,5.67821507232868,9.85192893363434,2,2409,1,0
aging_implicit,tf_0831,300,146.57,130,0,0,-9.5027,6.2719,-8.92318492767132,7.01392893363434,2,2409,1,0
aging_implicit,tf_0831,427,138.9,130,0,0,-8.4702,7.3903,-9.61388492767132,7.18592893363433,3,2649,1,0
aging_implicit,tf_0831,428,61.481,50,0,0,5.4724,10.071,9.67941507232868,8.30392893363434,3,2549,1,0
aging_implicit,tf_0831,429,106.79,90,0,0,-3.2855,10.886,-0.0384949276713171,11.1709289336343,3,2469,1,0
aging_implicit,tf_0831,430,76.619,90,0,0,2.6277,11.047,4.12991507232868,11.8589289336343,3,2550,1,0
aging_implicit,tf_0831,431,85.697,50,0,0,0.8666,11.516,5.55911507232868,10.7409289336343,3,3980,1,0
aging_implicit,tf_0831,432,140.22,130,0,0,-8.5441,7.1126,-9.37568492767132,6.44062893363434,3,2510,1,0
aging_implicit,tf_0831,433,105.29,130,0,0,-3.0434,11.133,-4.27838492767132,9.85192893363434,3,2450,1,0
aging_implicit,tf_0831,434,129.38,90,0,0,-7.3721,8.9813,-3.30178492767132,11.6579289336343,3,2409,1,0
aging_implicit,tf_0831,435,51.77,50,0,0,7.0279,8.9212,11.1804150723287,5.63792893363434,3,3030,1,0
aging_implicit,tf_0831,436,117.52,90,0,0,-5.2277,10.034,-1.58675492767132,12.2599289336343,3,2429,1,0
aging_implicit,tf_0831,437,41.816,50,0,0,8.5868,7.6817,10.7514150723287,6.15392893363433,3,2489,1,0
aging_implicit,tf_0831,438,143.96,130,0,0,-9.1973,6.6918,-10.2569849276713,6.18262893363434,3,2449,1,0
aging_implicit,tf_0831,439,116.58,130,0,0,-5.1509,10.297,-3.99248492767132,11.2569289336343,3,2429,1,0
aging_implicit,tf_0831,440,71.806,50,0,0,3.6764,11.186,7.79811507232868,7.61592893363433,3,2449,1,0
aging_implicit,tf_0831,441,119.87,90,0,0,-5.6415,9.8242,-2.42048492767132,12.1449289336343,3,2429,1,0
aging_implicit,tf_0831,442,127.23,130,0,0,-6.8886,9.0645,-5.11198492767132,10.2529289336343,3,2429,1,0
aging_implicit,tf_0831,443,89.213,90,0,0,0.1567,11.411,3.27241507232868,12.0589289336343,3,2509,1,0
aging_implicit,tf_0831,444,88.155,50,0,0,0.3786,11.756,4.46341507232868,10.7979289336343,3,2469,1,0
aging_implicit,tf_0831,571,51.558,50,0,0,7.2461,9.1287,10.3234150723287,6.44062893363434,4,2629,1,0
aging_implicit,tf_0831,572,103.64,90,0,0,-2.6358,10.865,1.41451507232868,12.4319289336343,4,2770,1,0
aging_implicit,tf_0831,573,152.77,130,0,0,-10.151,5.2234,-8.80408492767132,7.30062893363434,4,2589,1,0
aging_implicit,tf_0831,574,120.36,130,0,0,-5.7327,9.7884,-4.30218492767132,12.2029289336343,4,2630,1,0
aging_implicit,tf_0831,575,124.62,90,0,0,-6.4394,9.3264,-1.94408492767132,12.2309289336343,4,2489,1,0
aging_implicit,tf_0831,576,46.229,50,0,0,7.7144,8.0527,11.2524150723287,5.78122893363434,4,2609,1,0
aging_implicit,tf_0831,577,135.97,130,0,0,-8.1112,7.8408,-5.51698492767132,10.8839289336343,4,2569,1,0
aging_implicit,tf_0831,578,83.428,50,0,0,1.3384,11.618,8.03631507232868,9.62292893363434,4,2789,1,0
aging_implicit,tf_0831,579,72.298,90,0,0,3.3983,10.647,4.84451507232868,11.7439289336343,4,2809,1,0
aging_implicit,tf_0831,580,73.09,50,0,0,3.3572,11.043,9.87041507232868,6.66992893363433,4,2709,1,0
aging_implicit,tf_0831,581,128.86,130,0,0,-7.2418,8.9883,-6.89848492767132,8.87692893363434,4,2629,1,0
aging_implicit,tf_0831,582,120.3,90,0,0,-5.6727,9.7076,-2.46808492767132,11.4569289336343,4,2429,1,0
aging_implicit,tf_0831,583,112.87,130,0,0,-4.3972,10.426,-3.84958492767132,10.6259289336343,4,2529,1,0
aging_implicit,tf_0831,584,102.37,90,0,0,-2.4459,11.154,0.342615072328683,12.5749289336343,4,2609,1,0
aging_implicit,tf_0831,585,71.246,50,0,0,3.6235,10.672,7.29791507232868,9.02092893363434,4,2529,1,0
aging_implicit,tf_0831,586,133.08,130,0,0,-7.8523,8.3976,-5.44548492767132,9.59392893363434,4,2449,1,0
aging_implicit,tf_0831,587,117.97,90,0,0,-5.3766,10.126,-2.65858492767132,12.0589289336343,4,2390,1,0
aging_implicit,tf_0831,588,80.833,50,0,0,1.7991,11.148,6.51181507232868,10.4539289336343,4,2510,1,0
aging_implicit,fe_1710,91,102.68,90,0,0,-2.6562,11.806,-1.28381200420414,13.5486233287571,1,5361,1,1
aging_implicit,fe_1710,92,60.291,50,0,0,5.9515,10.43,9.31578799579586,8.58932332875713,1,3356,1,1
aging_implicit,fe_1710,93,116.24,130,0,0,-5.3397,10.833,-3.49901200420414,11.4560233287571,1,4456,1,1
aging_implicit,fe_1710,94,106.12,90,0,0,-3.3728,11.67,-3.40371200420414,12.0006233287571,1,3944,1,1
aging_implicit,fe_1710,95,111.76,130,0,0,-4.5163,11.312,-3.14171200420414,12.5453233287571,1,3678,1,1
aging_implicit,fe_1710,96,70.542,50,0,0,4.0485,11.459,5.31418799579586,10.8540233287571,1,4048,1,1
aging_implicit,fe_1710,97,65.679,50,0,0,4.9435,10.938,7.14828799579586,9.53532332875713,1,4376,1,1
aging_implicit,fe_1710,98,121.17,130,0,0,-6.258,10.346,-5.23781200420414,11.8860233287571,1,3936,1,1
aging_implicit,fe_1710,99,96.993,90,0,0,-1.4625,11.924,-1.64111200420414,12.0580233287571,1,4200,1,1
aging_implicit,fe_1710,100,118.85,130,0,0,-5.8566,10.631,-4.76151200420414,11.7140233287571,1,3450,1,1
aging_implicit,fe_1710,101,97.249,90,0,0,-1.5358,12.074,-0.331012004204137,12.3733233287571,1,3706,1,1
aging_implicit,fe_1710,102,66.883,50,0,0,4.7713,11.177,4.69488799579586,11.2840233287571,1,3904,1,1
aging_implicit,fe_1710,103,112.24,130,0,0,-4.591,11.227,-8.04851200420414,-4.56867667124287,1,3249,0,1
aging_implicit,fe_1710,104,77.905,90,0,0,2.5195,11.758,-7.76271200420414,-4.56867667124287,1,3910,0,1
aging_implicit,fe_1710,105,77.775,50,0,0,2.5471,11.756,4.00408799579586,12.7173233287571,1,3603,1,1
aging_implicit,fe_1710,106,65.854,50,0,0,4.9729,11.093,4.95688799579586,10.5673233287571,1,3949,1,1
aging_implicit,fe_1710,107,131.97,130,0,0,-8.0974,9.003,-6.97671200420414,10.8540233287571,1,3569,1,1
aging_implicit,fe_1710,108,96.494,90,0,0,-1.3644,11.986,-0.402512004204137,12.8320233287571,1,3737,1,1
aging_implicit,fe_1710,235,106.6,90,0,0,-3.4618,11.61,-3.42761200420414,11.6566233287571,2,4324,1,1
aging_implicit,fe_1710,236,165.02,130,0,0,-11.635,3.114,-8.73931200420414,5.43599632875713,2,4135,1,1
aging_implicit,fe_1710,237,33.129,50,0,0,10.19,6.6502,10.1971879957959,5.14933332875713,2,3790,1,1
aging_implicit,fe_1710,238,93.215,50,0,0,-0.6751,12.017,2.50348799579586,11.7426233287571,2,4186,1,1
aging_implicit,fe_1710,239,101.7,90,0,0,-2.4638,11.901,-0.664512004204137,12.7460233287571,2,3656,1,1
aging_implicit,fe_1710,240,134.66,130,0,0,-8.4775,8.5779,-7.19101200420414,9.76462332875713,2,3800,1,1
aging_implicit,fe_1710,241,139.51,130,0,0,-9.1282,7.7943,-7.16721200420414,8.53202332875713,2,3426,1,1
aging_implicit,fe_1710,242,97.855,90,0,0,-1.6515,11.971,-2.09371200420414,11.1120233287571,2,3600,1,1
aging_implicit,fe_1710,243,56.563,50,0,0,6.6848,10.124,8.76798799579586,6.72602332875713,2,3698,1,1
aging_implicit,fe_1710,244,128.8,130,0,0,-7.5798,9.4261,-4.99971200420414,11.8286233287571,2,4009,1,1
aging_implicit,fe_1710,245,104.95,90,0,0,-3.1107,11.649,1.28866799579586,12.5453233287571,2,3800,1,1
aging_implicit,fe_1710,246,74.655,50,0,0,3.2168,11.723,6.43368799579586,9.39202332875713,2,4170,1,1
aging_implicit,fe_1710,247,136.52,130,0,0,-8.8152,8.3608,-6.59561200420414,10.1660233287571,2,4066,1,1
aging_implicit,fe_1710,248,77.709,50,0,0,2.572,11.805,5.05218799579586,10.8826233287571,2,3954,1,1
aging_implicit,fe_1710,249,103.02,90,0,0,-2.7406,11.848,2.57488799579586,11.8286233287571,2,3997,1,1
aging_implicit,fe_1710,250,142.11,130,0,0,-9.5561,7.4354,-6.23831200420414,9.13402332875713,2,4593,1,1
aging_implicit,fe_1710,251,104.16,90,0,0,-2.9705,11.778,0.478807995795863,11.8573233287571,2,4613,1,1
aging_implicit,fe_1710,252,78.523,50,0,0,2.4126,11.883,5.40938799579586,10.5386233287571,2,3837,1,1
aging_implicit,fe_1710,379,124.73,130,0,0,-6.9202,9.982,-1.59351200420414,13.6060233287571,3,4276,1,1
aging_implicit,fe_1710,380,71.007,90,0,0,3.9191,11.387,4.98068799579586,11.7426233287571,3,4056,1,1
aging_implicit,fe_1710,381,76.188,50,0,0,2.8771,11.703,5.76668799579586,9.76462332875713,3,3968,1,1
aging_implicit,fe_1710,382,92.835,50,0,0,-0.5948,12.013,3.02748799579586,11.6566233287571,3,4519,1,1
aging_implicit,fe_1710,383,118.54,90,0,0,-5.7581,10.587,-2.61771200420414,12.0293233287571,3,3538,1,1
aging_implicit,fe_1710,384,158.05,130,0,0,-11.208,4.516,-9.66831200420414,5.98066332875713,3,3289,1,1
aging_implicit,fe_1710,385,108.15,90,0,0,-3.7549,11.457,-0.593112004204137,12.1726233287571,3,3688,1,1
aging_implicit,fe_1710,386,144.26,130,0,0,-9.8782,7.1078,-4.92821200420414,11.0833233287571,3,4536,1,1
aging_implicit,fe_1710,387,85.721,50,0,0,0.9033,12.072,3.52768799579586,11.7713233287571,3,4351,1,1
aging_implicit,fe_1710,388,95.169,90,0,0,-1.0815,11.955,3.21808799579586,11.1980233287571,3,4147,1,1
aging_implicit,fe_1710,389,31.926,50,0,0,10.367,6.4593,9.86368799579586,6.38199332875713,3,5048,1,1
aging_implicit,fe_1710,390,184.61,130,0,0,-11.972,-0.9664,-10.0253120042041,6.06666332875713,3,3424,1,1
aging_implicit,fe_1710,391,102.39,50,0,0,-2.5835,11.764,2.12238799579586,11.3986233287571,3,4386,1,1
aging_implicit,fe_1710,392,110.31,90,0,0,-4.2028,11.357,-0.235812004204137,10.7966233287571,3,3460,1,1
aging_implicit,fe_1710,393,145.54,130,0,0,-9.962,6.8375,-7.26251200420414,9.30602332875713,3,3049,1,1
aging_implicit,fe_1710,394,77.479,50,0,0,2.63,11.843,5.79058799579586,8.96202332875713,3,3162,1,1
aging_implicit,fe_1710,395,103.16,90,0,0,-2.7863,11.918,1.59832799579586,11.9146233287571,3,4916,1,1
aging_implicit,fe_1710,396,139.22,130,0,0,-9.1365,7.8808,-6.00011200420414,9.39202332875713,3,3048,1,1
aging_implicit,fe_1710,523,109.79,90,0,0,-4.1008,11.398,0.407347995795863,11.6853233287571,4,4635,1,1
aging_implicit,fe_1710,524,185.38,130,0,0,-11.99,-1.1282,-9.83531200420414,7.27062332875713,4,3975,1,1
aging_implicit,fe_1710,525,41.895,50,0,0,8.999,8.0728,10.1256879957959,6.66862332875713,4,3879,1,1
aging_implicit,fe_1710,526,97.981,50,0,0,-1.6847,12.017,2.09848799579586,11.0833233287571,4,3998,1,1
aging_implicit,fe_1710,527,115.42,90,0,0,-5.1987,10.939,-1.99841200420414,12.0006233287571,4,3712,1,1
aging_implicit,fe_1710,528,118.92,130,0,0,-5.8791,10.643,-3.61811200420414,11.1120233287571,4,3249,1,1
aging_implicit,fe_1710,529,94.347,90,0,0,-0.9181,12.078,0.836101995795863,11.8000233287571,4,4524,1,1
aging_implicit,fe_1710,530,80.028,50,0,0,2.0781,11.819,6.07638799579586,9.82202332875713,4,3741,1,1
aging_implicit,fe_1710,531,135.24,130,0,0,-8.5606,8.4901,-5.69041200420414,10.5386233287571,4,3724,1,1
aging_implicit,fe_1710,532,133.87,130,0,0,-8.3338,8.6705,-5.97621200420414,10.0513233287571,4,3494,1,1
aging_implicit,fe_1710,533,107.28,90,0,0,-3.5644,11.462,-3.28471200420414,11.8860233287571,4,3574,1,1
aging_implicit,fe_1710,534,68.78,50,0,0,4.3552,11.217,9.02998799579586,8.67532332875713,4,3182,1,1
aging_implicit,fe_1710,535,129.38,130,0,0,-7.6809,9.3569,-4.80911200420414,10.1086233287571,4,3229,1,1
aging_implicit,fe_1710,536,76.685,50,0,0,2.7816,11.753,6.86238799579586,9.33462332875713,4,3544,1,1
aging_implicit,fe_1710,537,111.41,90,0,0,-4.3815,11.174,-0.116712004204137,11.1120233287571,4,4374,1,1
aging_implicit,fe_1710,538,115.74,90,0,0,-5.2161,10.82,0.407347995795863,11.5420233287571,4,4086,1,1
aging_implicit,fe_1710,539,80.509,50,0,0,1.9953,11.935,6.69568799579586,9.30602332875713,4,4392,1,1
aging_implicit,fe_1710,540,146.19,130,0,0,-10.078,6.7499,-8.21531200420414,7.72932332875713,4,3516,1,1
aging_implicit,fe_1710,139,102.29,90,0,0,-2.3797,10.925,-2.32156317871112,12.7904605528574,1,3366,1,0
aging_implicit,fe_1710,140,59.1,50,0,0,5.7859,9.6676,8.01603682128888,9.75176055285742,1,3321,1,0
aging_implicit,fe_1710,141,115.44,130,0,0,-4.7748,10.04,-3.53636317871112,12.1597605528574,1,3610,1,0
aging_implicit,fe_1710,142,104.42,90,0,0,-2.8139,10.94,-3.82226317871112,11.7870605528574,1,3674,1,0
aging_implicit,fe_1710,143,110.44,130,0,0,-3.9315,10.551,-3.44106317871112,11.3570605528574,1,3223,1,0
aging_implicit,fe_1710,144,67.238,50,0,0,4.4494,10.605,6.25343682128888,10.4684605528574,1,3365,1,0
aging_implicit,fe_1710,145,62.589,50,0,0,5.278,10.177,6.27723682128888,9.57976055285742,1,4302,1,0
aging_implicit,fe_1710,146,120.87,130,0,0,-5.7302,9.5842,-4.29856317871112,12.4464605528574,1,3469,1,0
aging_implicit,fe_1710,147,94.618,90,0,0,-0.9148,11.324,2.15646682128888,11.3284605528574,1,3129,1,0
aging_implicit,fe_1710,148,118.06,130,0,0,-5.3054,9.9526,-3.39346317871112,12.0450605528574,1,3289,1,0
aging_implicit,fe_1710,149,94.826,90,0,0,-0.9524,11.28,2.27553682128888,12.1024605528574,1,3233,1,0
aging_implicit,fe_1710,150,63.966,50,0,0,5.0357,10.309,7.68253682128888,9.03506055285742,1,3805,1,0
aging_implicit,fe_1710,151,111.65,130,0,0,-4.1785,10.529,-1.58316317871112,13.1057605528574,1,2991,1,0
aging_implicit,fe_1710,152,75.426,90,0,0,2.864,11.015,4.99093682128888,11.4430605528574,1,3512,1,0
aging_implicit,fe_1710,153,74.795,50,0,0,2.9736,10.941,5.82463682128888,11.2137605528574,1,3108,1,0
aging_implicit,fe_1710,154,62.256,50,0,0,5.3933,10.253,7.51583682128888,9.75176055285742,1,3056,1,0
aging_implicit,fe_1710,155,133.51,130,0,0,-7.7375,8.1504,-7.63336317871112,9.52246055285742,1,3112,1,0
aging_implicit,fe_1710,156,94.665,90,0,0,-0.9089,11.138,-0.0587631787111211,12.3030605528574,1,2743,1,0
aging_implicit,fe_1710,283,105.73,90,0,0,-3.0621,10.868,-1.17826317871112,11.9590605528574,2,3314,1,0
aging_implicit,fe_1710,284,163.19,130,0,0,-10.846,3.2764,-9.89636317871112,5.73843055285742,2,2509,1,0
aging_implicit,fe_1710,285,34.006,50,0,0,9.3479,6.3067,10.4456368212889,6.79906055285742,2,2937,1,0
aging_implicit,fe_1710,286,91.132,50,0,0,-0.2215,11.209,2.27553682128888,11.8157605528574,2,2911,1,0
aging_implicit,fe_1710,287,100.76,90,0,0,-2.108,11.097,1.96590682128888,11.7297605528574,2,2771,1,0
aging_implicit,fe_1710,288,136.9,130,0,0,-8.2572,7.7278,-3.20286317871112,12.9910605528574,2,2748,1,0
aging_implicit,fe_1710,289,139.88,130,0,0,-8.5475,7.2036,-5.37046317871112,10.9844605528574,2,2712,1,0
aging_implicit,fe_1710,290,95.678,90,0,0,-1.1164,11.228,2.68053682128888,11.5577605528574,2,2572,1,0
aging_implicit,fe_1710,291,52.803,50,0,0,7.1005,9.3556,9.75483682128888,7.22906055285742,2,2716,1,0
aging_implicit,fe_1710,292,129.65,130,0,0,-7.1986,8.686,-3.08376317871112,11.7297605528574,2,2552,1,0
aging_implicit,fe_1710,293,102.26,90,0,0,-2.3978,11.031,3.20453682128888,12.7904605528574,2,2628,1,0
aging_implicit,fe_1710,294,70.589,50,0,0,3.8875,11.032,8.30183682128888,9.06376055285742,2,2664,1,0
aging_implicit,fe_1710,295,137.55,130,0,0,-8.4124,7.6957,-6.20416317871112,10.6690605528574,2,2702,1,0
aging_implicit,fe_1710,296,74.72,50,0,0,3.0404,11.129,7.15853682128888,9.83776055285742,2,2708,1,0
aging_implicit,fe_1710,297,100.4,90,0,0,-2.0441,11.133,2.13264682128888,10.9270605528574,2,2912,1,0
aging_implicit,fe_1710,298,143.29,130,0,0,-8.9867,6.702,-7.58566317871112,8.54776055285742,2,2612,1,0
aging_implicit,fe_1710,299,101.92,90,0,0,-2.3514,11.141,1.53715682128888,11.7297605528574,2,2644,1,0
aging_implicit,fe_1710,300,74.67,50,0,0,3.0634,11.175,6.63453682128888,9.86646055285742,2,2894,1,0
aging_implicit,fe_1710,427,125.66,130,0,0,-6.6501,9.2668,-2.91706317871112,11.9590605528574,3,2910,1,0
aging_implicit,fe_1710,428,68.249,90,0,0,4.1597,10.426,4.84803682128888,10.3824605528574,3,2896,1,0
aging_implicit,fe_1710,429,73.104,50,0,0,3.308,10.89,6.89653682128888,9.72306055285742,3,3072,1,0
aging_implicit,fe_1710,430,90.598,50,0,0,-0.1183,11.34,4.01433682128888,11.5577605528574,3,2637,1,0
aging_implicit,fe_1710,431,117.22,90,0,0,-5.1401,9.9926,-1.36876317871112,10.9270605528574,3,2585,1,0
aging_implicit,fe_1710,432,158.29,130,0,0,-10.511,4.1856,-9.13436317871112,5.85310055285742,3,2855,1,0
aging_implicit,fe_1710,433,106.45,90,0,0,-3.1656,10.721,1.44188682128888,10.4397605528574,3,3031,1,0
aging_implicit,fe_1710,434,143.79,130,0,0,-9.1099,6.6708,-8.01446317871112,7.77376055285742,3,2549,1,0
aging_implicit,fe_1710,435,81.821,50,0,0,1.651,11.487,6.37253682128888,9.60846055285742,3,2509,1,0
aging_implicit,fe_1710,436,91.599,90,0,0,-0.3188,11.421,3.91913682128888,10.8984605528574,3,2515,1,0
aging_implicit,fe_1710,437,35.059,50,0,0,9.5782,6.7214,9.34993682128888,5.70977055285742,3,2449,1,0
aging_implicit,fe_1710,438,186.15,130,0,0,-11.224,-1.2094,-9.92036317871112,5.45177055285742,3,2529,1,0
aging_implicit,fe_1710,439,99.769,50,0,0,-1.9488,11.319,2.77573682128888,12.5037605528574,3,2471,1,0
aging_implicit,fe_1710,440,108.4,90,0,0,-3.6088,10.85,-0.0349631787111211,12.4464605528574,3,2659,1,0
aging_implicit,fe_1710,441,146.01,130,0,0,-9.2207,6.2178,-7.60946317871112,8.92046055285742,3,2489,1,0
aging_implicit,fe_1710,442,74.524,50,0,0,3.091,11.164,7.65873682128888,9.29306055285742,3,2509,1,0
aging_implicit,fe_1710,443,100.99,90,0,0,-2.2057,11.36,1.94209682128888,10.6404605528574,3,2489,1,0
aging_implicit,fe_1710,444,140.19,130,0,0,-8.6002,7.1682,-5.82306317871112,10.9270605528574,3,2573,1,0
aging_implicit,fe_1710,571,109.18,90,0,0,-3.7163,10.684,-1.55936317871112,11.3284605528574,4,3470,1,0
aging_implicit,fe_1710,572,186.19,130,0,0,-11.066,-1.2001,-9.51536317871112,7.31506055285742,4,2785,1,0
aging_implicit,fe_1710,573,37.41,50,0,0,9.3462,7.1483,9.68343682128888,5.05043055285742,4,3216,1,0
aging_implicit,fe_1710,574,94.413,50,0,0,-0.882,11.43,3.39503682128888,10.4397605528574,4,2889,1,0
aging_implicit,fe_1710,575,113.33,90,0,0,-4.4908,10.414,-2.65506317871112,10.6404605528574,4,2776,1,0
aging_implicit,fe_1710,576,117.44,130,0,0,-5.2605,10.132,-1.05916317871112,11.3857605528574,4,2872,1,0
aging_implicit,fe_1710,577,92.018,90,0,0,-0.3999,11.348,4.56223682128888,11.7010605528574,4,2692,1,0
aging_implicit,fe_1710,578,77.684,50,0,0,2.4386,11.17,-1.36876317871112,4.70643055285742,4,3133,0,0
aging_implicit,fe_1710,579,135.68,130,0,0,-8.0447,7.857,-5.96596317871112,8.94906055285742,4,2509,1,0
aging_implicit,fe_1710,580,132.66,130,0,0,-7.6186,8.2684,-6.68056317871112,10.4684605528574,4,2469,1,0
aging_implicit,fe_1710,581,104.87,90,0,0,-2.8698,10.812,0.679656821288879,12.5897605528574,4,2629,1,0
aging_implicit,fe_1710,582,64.339,50,0,0,5.1225,10.662,0.370006821288879,7.11446055285742,4,3000,0,0
aging_implicit,fe_1710,583,128.52,130,0,0,-6.928,8.7028,-7.58566317871112,9.66576055285742,4,2570,1,0
aging_implicit,fe_1710,584,72.688,50,0,0,3.4578,11.093,7.46823682128888,8.89176055285742,4,2890,1,0
aging_implicit,fe_1710,585,109.09,90,0,0,-3.6982,10.683,1.06077682128888,11.3570605528574,4,3234,1,0
aging_implicit,fe_1710,586,113.41,90,0,0,-4.4792,10.343,-2.36926317871112,12.8477605528574,4,3334,1,0
aging_implicit,fe_1710,587,75.972,50,0,0,2.9008,11.61,6.89653682128888,9.43646055285742,4,3126,1,0
aging_implicit,fe_1710,588,144.58,130,0,0,-9.1235,6.4874,-7.34746317871112,9.46506055285742,4,3088,1,0
aging_implicit,cb_2909,91,131.71,130,0,0,-8.0624,9.0453,-6.28657204709008,9.49173952673825,1,8162,1,1
aging_implicit,cb_2909,92,90.449,90,0,0,-0.0951,12.139,4.93242795290992,10.9823395267383,1,7300,1,1
aging_implicit,cb_2909,93,78.95,50,0,0,2.3154,11.856,4.33692795290992,11.2977395267383,1,4818,1,1
aging_implicit,cb_2909,94,59.564,50,0,0,6.1802,10.519,9.98212795290992,6.56773952673825,1,4112,0,1
aging_implicit,cb_2909,95,126.72,130,0,0,-7.2596,9.7336,-4.76207204709008,11.7560395267383,1,5420,1,1
aging_implicit,cb_2909,96,95.185,90,0,0,-1.0872,11.981,0.69253795290992,12.4440395267383,1,4034,1,1
aging_implicit,cb_2909,97,104.91,130,0,0,-3.0903,11.603,-1.26067204709008,12.9320395267383,1,4319,1,1
aging_implicit,cb_2909,98,112.31,90,0,0,-4.6247,11.272,-1.80847204709008,11.2977395267383,1,4937,1,1
aging_implicit,cb_2909,99,85.83,50,0,0,0.8852,12.143,3.02682795290992,11.8420395267383,1,4025,1,1
aging_implicit,cb_2909,100,78.381,50,0,0,2.4442,11.887,3.47942795290992,11.7560395267383,1,3954,1,1
aging_implicit,cb_2909,101,87.093,90,0,0,0.6167,12.142,2.66952795290992,12.5020395267383,1,3947,1,1
aging_implicit,cb_2909,102,116.85,130,0,0,-5.4439,10.756,-2.23727204709008,11.9000395267383,1,3929,1,1
aging_implicit,cb_2909,103,103.85,90,0,0,-2.9153,11.827,-0.61757204709008,12.8740395267383,1,3585,1,1
aging_implicit,cb_2909,104,84.844,50,0,0,1.094,12.123,4.43222795290992,11.3550395267383,1,3727,1,1
aging_implicit,cb_2909,105,112.2,130,0,0,-4.5632,11.184,-1.59417204709008,12.1000395267383,1,3889,1,1
aging_implicit,cb_2909,106,131.5,130,0,0,-8.0116,9.0545,-5.71487204709008,11.0970395267383,1,3857,1,1
aging_implicit,cb_2909,107,80.093,50,0,0,2.0788,11.903,3.50322795290992,11.5270395267383,1,3993,1,1
aging_implicit,cb_2909,108,89.697,90,0,0,0.0639,12.078,-0.33167204709008,12.5300395267383,1,4169,1,1
aging_implicit,cb_2909,235,125.31,130,0,0,-6.9611,9.8291,-3.99987204709008,11.4697395267383,2,12351,1,1
aging_implicit,cb_2909,236,113.16,90,0,0,-4.7948,11.211,-9.12147204709008,9.80703952673825,2,9771,0,1
aging_implicit,cb_2909,237,80.722,50,0,0,1.9601,11.999,3.62232795290992,11.1543395267383,2,4963,1,1
aging_implicit,cb_2909,238,123.09,130,0,0,-6.5887,10.111,-4.64297204709008,10.6383395267383,2,4245,1,1
aging_implicit,cb_2909,239,79.184,50,0,0,2.2734,11.9,3.71762795290992,11.5557395267383,2,4479,1,1
aging_implicit,cb_2909,240,93.483,90,0,0,-0.7422,12.196,0.62107795290992,12.7600395267383,2,3937,1,1
aging_implicit,cb_2909,241,117.75,130,0,0,-5.6532,10.746,-2.80887204709008,11.8140395267383,2,3967,1,1
aging_implicit,cb_2909,242,78.803,50,0,0,2.3401,11.822,4.09872795290992,11.2977395267383,2,3736,1,1
aging_implicit,cb_2909,243,91.701,90,0,0,-0.3615,12.173,2.62192795290992,11.8420395267383,2,3832,1,1
aging_implicit,cb_2909,244,86.613,50,0,0,0.7189,12.147,3.40792795290992,11.7850395267383,2,3708,1,1
aging_implicit,cb_2909,245,108.3,130,0,0,-3.8172,11.544,-0.97487204709008,12.4730395267383,2,3640,1,1
aging_implicit,cb_2909,246,103.93,90,0,0,-2.9049,11.71,-1.14157204709008,12.2440395267383,2,3802,1,1
aging_implicit,cb_2909,247,120.73,130,0,0,-6.2626,10.533,-2.90417204709008,12.6160395267383,2,3609,1,1
aging_implicit,cb_2909,248,89.228,50,0,0,0.1647,12.221,3.16972795290992,11.2403395267383,2,3692,1,1
aging_implicit,cb_2909,249,96.926,90,0,0,-1.4646,12.056,2.57422795290992,12.0720395267383,2,3916,1,1
aging_implicit,cb_2909,250,86.805,50,0,0,0.6705,12.01,2.50282795290992,11.6990395267383,2,3576,1,1
aging_implicit,cb_2909,251,105.1,130,0,0,-3.1307,11.599,-2.11817204709008,12.7020395267383,2,3569,1,1
aging_implicit,cb_2909,252,98.577,90,0,0,-1.8017,11.946,1.45476095290992,11.8140395267383,2,3456,1,1
aging_implicit,cb_2909,379,150.06,130,0,0,-10.419,6.0013,-5.35757204709008,10.1797395267383,3,7295,1,1
aging_implicit,cb_2909,380,145.48,90,0,0,-9.97,6.8567,-4.33337204709008,10.7530395267383,3,4231,1,1
aging_implicit,cb_2909,381,82.351,50,0,0,1.6158,12.031,5.74222795290992,10.2657395267383,3,4139,1,1
aging_implicit,cb_2909,382,95.114,90,0,0,-1.0801,12.068,4.50362795290992,11.1543395267383,3,4105,1,1
aging_implicit,cb_2909,383,121.4,130,0,0,-6.3186,10.352,-1.33207204709008,11.4123395267383,3,3959,1,1
aging_implicit,cb_2909,384,75.214,50,0,0,3.0924,11.716,3.69382795290992,11.6990395267383,3,4097,1,1
aging_implicit,cb_2909,385,71.598,50,0,0,3.8532,11.582,5.81372795290992,10.6383395267383,3,3472,1,1
aging_implicit,cb_2909,386,86.309,90,0,0,0.7836,12.148,2.21698795290992,12.2150395267383,3,3508,1,1
aging_implicit,cb_2909,387,124.96,130,0,0,-7.006,10.02,-3.99987204709008,11.0397395267383,3,3856,1,1
aging_implicit,cb_2909,388,85.219,50,0,0,1.0176,12.167,2.76482795290992,11.5557395267383,3,3865,1,1
aging_implicit,cb_2909,389,130.06,130,0,0,-7.7497,9.2154,-6.66767204709008,9.49173952673825,3,3598,1,1
aging_implicit,cb_2909,390,105.41,90,0,0,-3.2199,11.684,0.38292795290992,12.2720395267383,3,3289,1,1
aging_implicit,cb_2909,391,117.35,130,0,0,-5.5288,10.687,-2.40397204709008,13.2470395267383,3,4520,1,1
aging_implicit,cb_2909,392,90.231,50,0,0,-0.0487,12.068,2.86012795290992,11.2690395267383,3,4268,1,1
aging_implicit,cb_2909,393,100.85,90,0,0,-2.2677,11.829,1.16892795290992,12.0720395267383,3,3577,1,1
aging_implicit,cb_2909,394,78.851,50,0,0,2.36,11.974,3.43172795290992,11.1830395267383,3,3497,1,1
aging_implicit,cb_2909,395,132.95,130,0,0,-8.2504,8.8641,-5.64347204709008,10.5523395267383,3,3389,1,1
aging_implicit,cb_2909,396,104.73,90,0,0,-3.0669,11.666,0.0494279529099204,11.5270395267383,3,3391,1,1
aging_implicit,cb_2909,523,108.31,90,0,0,-3.7883,11.446,0.66871795290992,11.3837395267383,4,5969,1,1
aging_implicit,cb_2909,524,113.82,130,0,0,-4.8657,11.024,-1.83237204709008,12.1290395267383,4,3749,1,1
aging_implicit,cb_2909,525,88.311,50,0,0,0.3579,12.14,3.33652795290992,11.3263395267383,4,3989,1,1
aging_implicit,cb_2909,526,91.592,90,0,0,-0.3388,12.189,0.88309795290992,12.2440395267383,4,3509,1,1
aging_implicit,cb_2909,527,74.598,50,0,0,3.1971,11.605,4.02722795290992,10.7817395267383,4,3369,1,1
aging_implicit,cb_2909,528,103.55,130,0,0,-2.8515,11.83,-1.85617204709008,11.7850395267383,4,3449,1,1
aging_implicit,cb_2909,529,86.741,90,0,0,0.6875,12.072,2.55042795290992,11.0683395267383,4,3129,1,1
aging_implicit,cb_2909,530,73.578,50,0,0,3.4965,11.864,3.00302795290992,11.3837395267383,4,3169,1,1
aging_implicit,cb_2909,531,115.09,130,0,0,-5.2049,11.116,-4.59537204709008,10.3517395267383,4,3569,1,1
aging_implicit,cb_2909,532,116.32,130,0,0,-5.3355,10.785,-4.78597204709008,10.4663395267383,4,3109,1,1
aging_implicit,cb_2909,533,107.64,90,0,0,-3.6816,11.575,-2.07047204709008,10.5523395267383,4,4137,1,1
aging_implicit,cb_2909,534,78.102,50,0,0,2.503,11.88,2.90772795290992,11.0970395267383,4,3269,1,1
aging_implicit,cb_2909,535,92.863,90,0,0,-0.6007,12.013,1.21656795290992,11.0397395267383,4,3773,1,1
aging_implicit,cb_2909,536,118.37,130,0,0,-5.7124,10.579,-2.52307204709008,11.4697395267383,4,3709,1,1
aging_implicit,cb_2909,537,77.63,50,0,0,2.6207,11.949,3.33652795290992,11.1830395267383,4,5090,1,1
aging_implicit,cb_2909,538,82.839,90,0,0,1.4974,11.918,4.55132795290992,10.4090395267383,4,3210,1,1
aging_implicit,cb_2909,539,109.52,130,0,0,-4.0136,11.319,-3.33297204709008,11.0970395267383,4,4169,1,1
aging_implicit,cb_2909,540,83.414,50,0,0,1.3876,12.019,3.28882795290992,10.8390395267383,4,3389,1,1
aging_implicit,cb_2909,139,132.8,130,0,0,-7.6659,8.277,-6.63007536867626,8.97049687841954,1,4226,1,0
aging_implicit,cb_2909,140,90.692,90,0,0,-0.1347,11.145,4.44592463132374,12.0664968784195,1,4257,1,0
aging_implicit,cb_2909,141,78.601,50,0,0,2.2098,10.96,7.89982463132374,9.25719687841954,1,3553,1,0
aging_implicit,cb_2909,142,59.985,50,0,0,5.6065,9.7049,10.2817246313237,6.44779687841954,1,3581,0,0
aging_implicit,cb_2909,143,128.58,130,0,0,-7.0346,8.8196,-5.96317536867626,10.4324968784195,1,3403,1,0
aging_implicit,cb_2909,144,94.628,90,0,0,-0.9109,11.254,2.30221463132374,11.9234968784195,1,3301,1,0
aging_implicit,cb_2909,145,103.94,130,0,0,-2.6773,10.787,-1.43747536867626,12.7254968784195,1,3499,1,0
aging_implicit,cb_2909,146,112.23,90,0,0,-4.2581,10.417,-2.00907536867626,12.6394968784195,1,3537,1,0
aging_implicit,cb_2909,147,84.909,50,0,0,0.9979,11.201,5.97042463132374,11.0344968784195,1,3511,1,0
aging_implicit,cb_2909,148,78.679,50,0,0,2.216,11.069,8.28092463132374,9.57249687841954,1,3267,1,0
aging_implicit,cb_2909,149,86.528,90,0,0,0.6809,11.222,5.66072463132374,11.1777968784195,1,3249,1,0
aging_implicit,cb_2909,150,117.09,130,0,0,-5.088,9.9474,-1.74707536867626,11.8944968784195,1,3349,1,0
aging_implicit,cb_2909,151,103.82,90,0,0,-2.7089,11.012,1.39708463132374,12.2674968784195,1,3373,1,0
aging_implicit,cb_2909,152,83.774,50,0,0,1.2195,11.179,5.16052463132374,12.1814968784195,1,3165,1,0
aging_implicit,cb_2909,153,112.21,130,0,0,-4.2614,10.436,-0.961075368676262,12.4964968784195,1,3343,1,0
aging_implicit,cb_2909,154,132.04,130,0,0,-7.4372,8.2475,-5.43907536867626,10.2031968784195,1,3342,1,0
aging_implicit,cb_2909,155,79.283,50,0,0,2.0765,10.972,6.44682463132374,10.0311968784195,1,3260,1,0
aging_implicit,cb_2909,156,89.067,90,0,0,0.1843,11.321,4.85092463132374,11.3497968784195,1,3290,1,0
aging_implicit,cb_2909,283,126.33,130,0,0,-6.6328,9.0191,-5.62967536867626,10.3464968784195,2,3543,1,0
aging_implicit,cb_2909,284,113.24,90,0,0,-4.4347,10.328,-2.62837536867626,10.8911968784195,2,3205,1,0
aging_implicit,cb_2909,285,79.102,50,0,0,2.1225,11.024,7.06612463132374,9.37179687841954,2,3431,1,0
aging_implicit,cb_2909,286,123.02,130,0,0,-6.1792,9.5071,-3.50977536867626,11.4071968784195,2,3211,1,0
aging_implicit,cb_2909,287,79.344,50,0,0,2.1,11.161,6.99462463132374,9.05649687841954,2,3587,1,0
aging_implicit,cb_2909,288,92.884,90,0,0,-0.5798,11.51,3.51702463132374,11.1777968784195,2,3385,1,0
aging_implicit,cb_2909,289,115.72,130,0,0,-4.9817,10.343,-2.05677536867626,11.9234968784195,2,3367,1,0
aging_implicit,cb_2909,290,78.353,50,0,0,2.2549,10.939,7.23282463132374,9.34319687841954,2,3273,1,0
aging_implicit,cb_2909,291,90.827,90,0,0,-0.1648,11.411,4.46982463132374,11.2637968784195,2,3133,1,0
aging_implicit,cb_2909,292,85.926,50,0,0,0.8147,11.438,5.56552463132374,10.2031968784195,2,3133,1,0
aging_implicit,cb_2909,293,107.56,130,0,0,-3.3919,10.72,-1.41357536867626,13.0694968784195,2,3045,1,0
aging_implicit,cb_2909,294,102.98,90,0,0,-2.5251,10.953,0.873054631323738,12.8404968784195,2,3367,1,0
aging_implicit,cb_2909,295,119.77,130,0,0,-5.7179,9.9978,-2.96187536867626,12.4394968784195,2,3289,1,0
aging_implicit,cb_2909,296,88.179,50,0,0,0.3607,11.344,4.16012463132374,10.6904968784195,2,3225,1,0
aging_implicit,cb_2909,297,95.604,90,0,0,-1.1115,11.328,3.65992463132374,11.1777968784195,2,2943,1,0
aging_implicit,cb_2909,298,86.427,50,0,0,0.7027,11.254,4.04102463132374,11.2924968784195,2,2949,1,0
aging_implicit,cb_2909,299,103.98,130,0,0,-2.6746,10.742,-0.818175368676262,12.8404968784195,2,3218,1,0
aging_implicit,cb_2909,300,97.633,90,0,0,-1.5085,11.256,2.08784463132374,12.0954968784195,2,2986,1,0
aging_implicit,cb_2909,427,149.34,130,0,0,-9.6795,5.7379,-8.86887536867626,7.88119687841954,3,3611,1,0
aging_implicit,cb_2909,428,144.54,90,0,0,-9.2572,6.5923,-4.77217536867626,10.6331968784195,3,3229,1,0
aging_implicit,cb_2909,429,80.922,50,0,0,1.7756,11.112,5.04142463132374,10.0597968784195,3,3363,1,0
aging_implicit,cb_2909,430,94.561,90,0,0,-0.8955,11.225,2.49277463132374,11.7224968784195,3,3289,1,0
aging_implicit,cb_2909,431,121.54,130,0,0,-5.826,9.4927,-4.08137536867626,11.7224968784195,3,3129,1,0
aging_implicit,cb_2909,432,75.065,50,0,0,2.9244,10.964,5.87512463132374,10.6331968784195,3,7805,1,0
aging_implicit,cb_2909,433,71.112,50,0,0,3.6919,10.791,8.04272463132374,9.02779687841954,3,3109,1,0
aging_implicit,cb_2909,434,85.936,90,0,0,0.8131,11.445,4.42212463132374,11.0631968784195,3,3130,1,0
aging_implicit,cb_2909,435,124.96,130,0,0,-6.5404,9.3554,-4.65307536867626,10.7191968784195,3,3189,1,0
aging_implicit,cb_2909,436,83.921,50,0,0,1.2198,11.455,4.32682463132374,10.6617968784195,3,3009,1,0
aging_implicit,cb_2909,437,129.45,130,0,0,-7.1104,8.6422,-5.17707536867626,9.88779687841954,3,2992,1,0
aging_implicit,cb_2909,438,105.01,90,0,0,-2.9096,10.848,-1.08017536867626,11.3497968784195,3,2929,1,0
aging_implicit,cb_2909,439,116.39,130,0,0,-5.022,10.122,-3.58117536867626,11.3497968784195,3,3049,1,0
aging_implicit,cb_2909,440,89.41,50,0,0,0.1166,11.318,2.39749463132374,11.3784968784195,3,3049,1,0
aging_implicit,cb_2909,441,99.704,90,0,0,-1.8866,11.033,-0.436975368676262,12.1814968784195,3,2969,1,0
aging_implicit,cb_2909,442,78.577,50,0,0,2.2698,11.234,5.04142463132374,10.7477968784195,3,2989,1,0
aging_implicit,cb_2909,443,132.19,130,0,0,-7.474,8.2455,-5.51057536867626,10.1744968784195,3,2909,1,0
aging_implicit,cb_2909,444,104.63,90,0,0,-2.8437,10.893,-0.865775368676261,11.7794968784195,3,2949,1,0
aging_implicit,cb_2909,571,107.03,90,0,0,-3.3442,10.915,-1.43747536867626,11.8084968784195,4,3682,1,0
aging_implicit,cb_2909,572,113.18,130,0,0,-4.4087,10.297,-2.58077536867626,11.8084968784195,4,3129,1,0
aging_implicit,cb_2909,573,87.729,50,0,0,0.4533,11.428,3.51702463132374,11.4071968784195,4,3329,1,0
aging_implicit,cb_2909,574,89.72,90,0,0,0.0557,11.385,3.01682463132374,11.0631968784195,4,3140,1,0
aging_implicit,cb_2909,575,73.052,50,0,0,3.2372,10.623,5.61312463132374,10.2317968784195,4,3109,1,0
aging_implicit,cb_2909,576,102.06,130,0,0,-2.3877,11.174,-1.74707536867626,12.6394968784195,4,3369,1,0
aging_implicit,cb_2909,577,85.218,90,0,0,0.9409,11.248,2.73092463132374,11.5214968784195,4,3150,1,0
aging_implicit,cb_2909,578,72.834,50,0,0,3.4302,11.105,4.89852463132374,10.2031968784195,4,3209,1,0
aging_implicit,cb_2909,579,114.18,130,0,0,-4.6717,10.405,-2.48547536867626,12.2094968784195,4,3249,1,0
aging_implicit,cb_2909,580,115.53,130,0,0,-4.8321,10.117,-1.65177536867626,12.1814968784195,4,3289,1,0
aging_implicit,cb_2909,581,106.55,90,0,0,-3.1872,10.725,-1.43747536867626,11.5214968784195,4,3169,1,0
aging_implicit,cb_2909,582,77.011,50,0,0,2.5526,11.066,5.39872463132374,10.1457968784195,4,4530,1,0
aging_implicit,cb_2909,583,92.334,90,0,0,-0.4574,11.223,2.99302463132374,11.7224968784195,4,2969,1,0
aging_implicit,cb_2909,584,118.3,130,0,0,-5.3182,9.8781,-2.74747536867626,11.8084968784195,4,2909,1,0
aging_implicit,cb_2909,585,77.631,50,0,0,2.4248,11.058,5.77982463132374,9.77319687841954,4,2829,1,0
aging_implicit,cb_2909,586,82.988,90,0,0,1.3608,11.064,4.01722463132374,10.6331968784195,4,2989,1,0
aging_implicit,cb_2909,587,109.15,130,0,0,-3.6974,10.645,-2.08057536867626,11.3784968784195,4,2929,1,0
aging_implicit,cb_2909,588,83.479,50,0,0,1.2729,11.135,4.80322463132374,10.5757968784195,4,2809,1,0
aging_implicit,rc_1608,91,147.36,130,0,0,-10.135,6.4925,-7.67918802969647,8.47096623165404,1,9915,1,1
aging_implicit,rc_1608,92,58.558,50,0,0,6.2909,10.289,7.49381197030353,9.21626623165404,1,7472,1,1
aging_implicit,rc_1608,93,108.55,90,0,0,-3.8232,11.393,-0.628588029696466,12.111966231654,1,5236,1,1
aging_implicit,rc_1608,94,105.18,90,0,0,-3.1497,11.606,0.538551970303534,12.254966231654,1,5536,1,1
aging_implicit,rc_1608,95,52.433,50,0,0,7.3291,9.5283,8.27991197030353,8.58566623165404,1,5120,1,1
aging_implicit,rc_1608,96,151.43,130,0,0,-10.817,5.8894,-8.48898802969647,8.24166623165404,1,4634,1,1
aging_implicit,rc_1608,97,140.6,130,0,0,-9.3102,7.6462,-7.82208802969647,9.15896623165404,1,11638,1,1
aging_implicit,rc_1608,98,102.97,90,0,0,-2.6965,11.711,-1.77188802969647,12.139966231654,1,5136,1,1
aging_implicit,rc_1608,99,48.811,50,0,0,7.9463,9.0806,8.61331197030353,8.29896623165404,1,5824,1,1
aging_implicit,rc_1608,100,47.428,50,0,0,8.2126,8.9399,6.13611197030353,9.87566623165404,1,6262,1,1
aging_implicit,rc_1608,101,96.367,90,0,0,-1.3338,11.953,-0.842988029696466,12.254966231654,1,5154,1,1
aging_implicit,rc_1608,102,147.75,130,0,0,-10.157,6.4093,-6.77398802969647,8.29896623165404,1,5256,1,1
aging_implicit,rc_1608,103,59.352,50,0,0,6.1224,10.333,5.06421197030353,11.480966231654,1,5024,1,1
aging_implicit,rc_1608,104,137.98,130,0,0,-8.9633,8.0771,-7.60768802969647,7.89766623165404,1,7983,1,1
aging_implicit,rc_1608,105,94.971,90,0,0,-1.0471,12.038,0.490921970303534,12.139966231654,1,6117,1,1
aging_implicit,rc_1608,106,89.789,90,0,0,0.0446,12.084,0.0621719703035338,12.455966231654,1,7008,1,1
aging_implicit,rc_1608,107,136.55,130,0,0,-8.7562,8.2945,-7.56008802969647,9.44566623165404,1,5433,1,1
aging_implicit,rc_1608,108,50.276,50,0,0,7.7825,9.366,4.44491197030353,11.337966231654,1,6741,1,1
aging_implicit,rc_1608,235,103.74,90,0,0,-2.8524,11.666,-0.533288029696466,12.283966231654,2,8939,1,1
aging_implicit,rc_1608,236,152.12,130,0,0,-10.616,5.6162,-8.96528802969647,7.15226623165404,2,6791,1,1
aging_implicit,rc_1608,237,57.225,50,0,0,6.5302,10.143,6.39811197030353,10.219666231654,2,5571,1,1
aging_implicit,rc_1608,238,95.406,90,0,0,-1.1488,12.14,-1.46228802969647,11.337966231654,2,6987,1,1
aging_implicit,rc_1608,239,161.65,130,0,0,-11.589,3.8443,-8.13168802969647,8.61426623165404,2,6913,1,1
aging_implicit,rc_1608,240,45.88,50,0,0,8.4085,8.6709,7.27941197030353,9.27366623165404,2,7732,1,1
aging_implicit,rc_1608,241,94.076,90,0,0,-0.8599,12.068,-0.795288029696466,11.509966231654,2,5980,1,1
aging_implicit,rc_1608,242,46.969,50,0,0,8.2948,8.8853,7.35091197030353,8.52826623165404,2,6682,1,1
aging_implicit,rc_1608,243,67.758,130,0,0,4.5441,11.112,-4.63028802969647,12.111966231654,2,8300,0,1
aging_implicit,rc_1608,244,92.778,90,0,0,-0.5877,12.11,-0.247488029696466,12.569966231654,2,6674,1,1
aging_implicit,rc_1608,245,35.93,50,0,0,9.9737,7.2277,9.18501197030353,7.58226623165404,2,5694,1,1
aging_implicit,rc_1608,246,142.55,130,0,0,-9.6727,7.4099,-5.67828802969647,11.107966231654,2,6334,1,1
aging_implicit,rc_1608,247,27.039,50,0,0,10.895,5.5607,5.39771197030353,11.079966231654,2,5422,0,1
aging_implicit,rc_1608,248,101.74,90,0,0,-2.4605,11.839,-0.962088029696466,12.397966231654,2,5757,1,1
aging_implicit,rc_1608,249,144,130,0,0,-9.7907,7.1129,-6.67868802969647,9.73226623165404,2,5873,1,1
aging_implicit,rc_1608,250,87.84,90,0,0,0.4541,12.037,-0.223688029696466,12.455966231654,2,6533,1,1
aging_implicit,rc_1608,251,35.879,50,0,0,9.7611,7.0603,6.99361197030353,9.13026623165404,2,5021,1,1
aging_implicit,rc_1608,252,133.29,130,0,0,-8.3962,8.9139,-5.39248802969647,11.423966231654,2,5419,1,1
aging_implicit,rc_1608,379,107.1,90,0,0,-3.5487,11.538,-0.938288029696466,13.028966231654,3,7014,1,1
aging_implicit,rc_1608,380,50.103,50,0,0,7.9173,9.47,8.66101197030353,8.70026623165404,3,14333,1,1
aging_implicit,rc_1608,381,150.88,130,0,0,-10.557,5.8808,-6.94078802969647,9.81826623165404,3,5014,1,1
aging_implicit,rc_1608,382,56.201,50,0,0,6.8116,10.175,4.63551197030353,10.649966231654,3,6830,1,1
aging_implicit,rc_1608,383,118.95,130,0,0,-5.8999,10.664,-4.08238802969647,11.738966231654,3,6954,1,1
aging_implicit,rc_1608,384,92.468,90,0,0,-0.523,12.135,-0.223688029696466,12.283966231654,3,5326,1,1
aging_implicit,rc_1608,385,84.887,50,0,0,1.0796,12.065,3.77801197030353,10.677966231654,3,7152,1,1
aging_implicit,rc_1608,386,136.96,130,0,0,-8.8044,8.2211,-5.89268802969647,10.477666231654,3,5772,1,1
aging_implicit,rc_1608,387,94.902,90,0,0,-1.0492,12.233,0.490921970303534,12.541966231654,3,5348,1,1
aging_implicit,rc_1608,388,147.89,130,0,0,-10.264,6.4406,-9.10828802969647,-4.85903376834596,3,5869,0,1
aging_implicit,rc_1608,389,95.257,90,0,0,-1.1006,11.962,-1.70048802969647,11.996966231654,3,4996,1,1
aging_implicit,rc_1608,390,73.193,50,0,0,3.4869,11.544,3.46831197030353,11.509966231654,3,5129,1,1
aging_implicit,rc_1608,391,97.104,90,0,0,-1.531,12.285,-0.199888029696466,12.885966231654,3,5129,1,1
aging_implicit,rc_1608,392,29.851,50,0,0,10.692,6.1357,9.82811197030353,6.98026623165404,3,4589,1,1
aging_implicit,rc_1608,393,115.21,130,0,0,-5.2527,11.158,-5.36868802969647,10.735966231654,3,5525,1,1
aging_implicit,rc_1608,394,110.64,90,0,0,-4.3076,11.438,-3.46308802969647,11.853966231654,3,8167,1,1
aging_implicit,rc_1608,395,170.16,130,0,0,-12.129,2.1047,-7.36948802969647,7.89766623165404,3,5649,0,1
aging_implicit,rc_1608,396,85.312,50,0,0,0.9983,12.173,3.46831197030353,10.878966231654,3,5425,1,1
aging_implicit,rc_1608,523,108.96,90,0,0,-3.9323,11.445,-1.05738802969647,12.283966231654,4,6716,1,1
aging_implicit,rc_1608,524,51.006,50,0,0,7.623,9.4156,7.58911197030353,8.27026623165404,4,6615,1,1
aging_implicit,rc_1608,525,109.43,130,0,0,-3.9933,11.321,-3.46308802969647,10.677966231654,4,6149,1,1
aging_implicit,rc_1608,526,56.018,90,0,0,6.7637,10.035,4.51641197030353,10.993966231654,4,8628,1,1
aging_implicit,rc_1608,527,29.209,130,0,0,10.563,5.9053,-4.84468802969647,10.677966231654,4,5704,0,1
aging_implicit,rc_1608,528,21.48,50,0,0,11.392,4.4828,5.94561197030353,10.964966231654,4,16685,0,1
aging_implicit,rc_1608,529,34.754,50,0,0,9.8749,6.8516,7.92261197030353,8.98696623165404,4,8799,1,1
aging_implicit,rc_1608,530,138.14,130,0,0,-8.9888,8.053,-3.82038802969647,10.477666231654,4,8337,1,1
aging_implicit,rc_1608,531,87.611,90,0,0,0.505,12.106,0.109801970303534,11.881966231654,4,6615,1,1
aging_implicit,rc_1608,532,174.34,130,0,0,-12.083,1.1984,-5.29718802969647,9.96166623165404,4,7104,0,1
aging_implicit,rc_1608,533,90.953,90,0,0,-0.1998,12.01,0.324181970303534,11.824966231654,4,7462,1,1
aging_implicit,rc_1608,534,126.73,50,0,0,-7.2049,9.6552,4.27821197030353,10.792966231654,4,6956,0,1
aging_implicit,rc_1608,535,61.596,50,0,0,5.8068,10.738,5.61211197030353,10.248266231654,4,7080,1,1
aging_implicit,rc_1608,536,90.376,90,0,0,-0.0799,12.162,-2.24828802969647,11.824966231654,4,7434,1,1
aging_implicit,rc_1608,537,153.91,130,0,0,-11.041,5.4054,-4.58258802969647,11.824966231654,4,5990,1,1
aging_implicit,rc_1608,538,28.671,50,0,0,10.569,5.7796,6.66011197030353,9.93296623165404,4,6570,1,1
aging_implicit,rc_1608,539,134.74,130,0,0,-8.4955,8.5741,-8.32228802969647,8.41366623165404,4,4449,1,1
aging_implicit,rc_1608,540,26.408,90,0,0,10.811,5.3687,-2.39118802969647,11.509966231654,4,14874,0,1
aging_implicit,rc_1608,139,147.88,130,0,0,-9.4244,5.9172,-7.74467752311501,10.573540156744,1,5851,1,0
aging_implicit,rc_1608,140,57.647,50,0,0,6.0272,9.5145,7.07102247688498,10.229540156744,1,3383,1,0
aging_implicit,rc_1608,141,107.36,90,0,0,-3.2987,10.553,-2.45677752311502,12.293540156744,1,6425,1,0
aging_implicit,rc_1608,142,103.65,90,0,0,-2.6569,10.942,-1.17047752311502,12.666240156744,1,9087,1,0
aging_implicit,rc_1608,143,52.815,50,0,0,6.6711,8.7935,6.54702247688498,10.573540156744,1,4890,1,0
aging_implicit,rc_1608,144,150.26,130,0,0,-10.022,5.7257,-9.22147752311502,7.93624015674405,1,4072,1,0
aging_implicit,rc_1608,145,140.39,130,0,0,-8.6183,7.1313,-7.43497752311502,8.76754015674405,1,6676,1,0
aging_implicit,rc_1608,146,100.54,90,0,0,-2.0677,11.118,-2.31377752311502,12.236240156744,1,4782,1,0
aging_implicit,rc_1608,147,47.821,50,0,0,7.5734,8.3585,4.52232247688498,10.802940156744,1,4822,1,0
aging_implicit,rc_1608,148,46.003,50,0,0,7.7834,8.0609,6.78522247688498,10.344240156744,1,5009,1,0
aging_implicit,rc_1608,149,94.339,90,0,0,-0.8582,11.311,-1.86127752311502,11.892240156744,1,4809,1,0
aging_implicit,rc_1608,150,147.25,130,0,0,-9.4493,6.0775,-8.38777752311502,7.73554015674405,1,4252,1,0
aging_implicit,rc_1608,151,57.338,50,0,0,6.0336,9.4119,3.18852247688498,9.54154015674405,1,4389,1,0
aging_implicit,rc_1608,152,137.81,130,0,0,-8.3108,7.5339,-8.26867752311502,8.79624015674405,1,6520,1,0
aging_implicit,rc_1608,153,92.734,90,0,0,-0.5379,11.262,-1.33717752311502,12.866940156744,1,4746,1,0
aging_implicit,rc_1608,154,88.627,90,0,0,0.2699,11.264,1.44965247688498,12.379540156744,1,4921,1,0
aging_implicit,rc_1608,155,136.62,130,0,0,-8.1171,7.6708,-7.86377752311502,8.22294015674405,1,4419,1,0
aging_implicit,rc_1608,156,49.66,50,0,0,7.3926,8.7047,8.02382247688498,8.05094015674405,1,4161,1,0
aging_implicit,rc_1608,283,102.34,90,0,0,-2.3714,10.838,-0.551177523115015,12.637540156744,2,4388,1,0
aging_implicit,rc_1608,284,151.66,130,0,0,-9.8085,5.29,-9.46007752311501,7.16224015674405,2,4455,1,0
aging_implicit,rc_1608,285,56.266,50,0,0,6.1774,9.2508,4.83202247688498,11.060940156744,2,4352,1,0
aging_implicit,rc_1608,286,93.735,90,0,0,-0.7403,11.341,-1.38487752311502,12.723540156744,2,4229,1,0
aging_implicit,rc_1608,287,161.84,130,0,0,-10.755,3.5269,-8.29247752311501,7.39154015674405,2,4384,1,0
aging_implicit,rc_1608,288,46.822,50,0,0,7.7663,8.2766,4.90352247688498,11.089540156744,2,4709,1,0
aging_implicit,rc_1608,289,92.144,90,0,0,-0.4193,11.2,-1.50397752311502,12.035540156744,2,3481,1,0
aging_implicit,rc_1608,290,45.753,50,0,0,7.9826,8.1952,5.23692247688498,11.490940156744,2,3769,1,0
aging_implicit,rc_1608,291,65.736,130,0,0,4.5655,10.128,-3.40947752311502,11.806240156744,2,4069,1,0
aging_implicit,rc_1608,292,90.422,90,0,0,-0.083,11.279,-3.14747752311502,11.576940156744,2,4169,1,0
aging_implicit,rc_1608,293,36.966,50,0,0,9.2769,6.982,7.78562247688498,7.93624015674405,2,4263,1,0
aging_implicit,rc_1608,294,142.87,130,0,0,-9.0454,6.8479,-4.74337752311502,11.347540156744,2,4050,1,0
aging_implicit,rc_1608,295,28.242,50,0,0,10.095,5.4226,4.73672247688498,11.089540156744,2,4470,1,0
aging_implicit,rc_1608,296,100.05,90,0,0,-1.9628,11.07,-1.43247752311502,11.634240156744,2,4369,1,0
aging_implicit,rc_1608,297,144.53,130,0,0,-9.0533,6.451,-4.31467752311502,10.716940156744,2,3509,1,0
aging_implicit,rc_1608,298,86.041,90,0,0,0.7747,11.194,-0.932277523115015,11.892240156744,2,4086,1,0
aging_implicit,rc_1608,299,35.622,50,0,0,9.2182,6.6049,4.61762247688498,10.860240156744,2,4029,1,0
aging_implicit,rc_1608,300,134.41,130,0,0,-7.9009,8.0658,-4.71957752311502,10.315540156744,2,3549,1,0
aging_implicit,rc_1608,427,105.65,90,0,0,-3.0236,10.79,-1.00377752311502,12.752240156744,3,3246,1,0
aging_implicit,rc_1608,428,49.532,50,0,0,7.4299,8.709,7.85712247688498,7.93624015674405,3,3870,1,0
aging_implicit,rc_1608,429,150.37,130,0,0,-9.6668,5.498,-8.93557752311501,7.53494015674405,3,6124,1,0
aging_implicit,rc_1608,430,56.178,50,0,0,6.3629,9.4969,6.14212247688498,9.48424015674405,3,7382,1,0
aging_implicit,rc_1608,431,118.48,130,0,0,-5.3859,9.9279,-6.81567752311502,9.94294015674405,3,5684,1,0
aging_implicit,rc_1608,432,90.714,90,0,0,-0.1414,11.35,-2.09947752311502,11.806240156744,3,4822,1,0
aging_implicit,rc_1608,433,82.266,50,0,0,1.533,11.288,5.99912247688498,10.172240156744,3,9644,1,0
aging_implicit,rc_1608,434,137.11,130,0,0,-8.2365,7.6522,-6.26787752311502,10.315540156744,3,4511,1,0
aging_implicit,rc_1608,435,93.344,90,0,0,-0.6677,11.427,-2.36147752311502,12.465540156744,3,4578,1,0
aging_implicit,rc_1608,436,147.19,130,0,0,-9.4304,6.0808,-4.26697752311502,10.860240156744,3,4240,1,0
aging_implicit,rc_1608,437,93.4,90,0,0,-0.6575,11.068,-0.646477523115015,12.752240156744,3,3906,1,0
aging_implicit,rc_1608,438,70.295,50,0,0,3.8242,10.678,2.99792247688498,11.920940156744,3,4944,1,0
aging_implicit,rc_1608,439,95.261,90,0,0,-1.0598,11.509,2.54532247688498,11.548240156744,3,4478,1,0
aging_implicit,rc_1608,440,30.718,50,0,0,9.9647,5.9208,8.33352247688498,7.76424015674405,3,5536,1,0
aging_implicit,rc_1608,441,115.54,130,0,0,-4.9564,10.373,-4.07647752311501,11.204240156744,3,5280,1,0
aging_implicit,rc_1608,442,109.7,90,0,0,-3.7933,10.597,2.16422247688498,12.350940156744,3,4610,1,0
aging_implicit,rc_1608,443,172.07,130,0,0,-11.504,1.6018,-4.07647752311501,11.949540156744,3,4698,0,0
aging_implicit,rc_1608,444,83.607,50,0,0,1.2651,11.292,4.47472247688498,11.433540156744,3,4697,1,0
aging_implicit,rc_1608,571,107.87,90,0,0,-3.4179,10.6,-1.19427752311502,11.863540156744,4,6094,1,0
aging_implicit,rc_1608,572,52.053,50,0,0,6.9924,8.967,4.68912247688498,11.462240156744,4,4341,1,0
aging_implicit,rc_1608,573,108.84,130,0,0,-3.5947,10.537,-6.69657752311502,10.200940156744,4,3875,1,0
aging_implicit,rc_1608,574,55.852,90,0,0,6.2882,9.2709,2.16422247688498,12.178940156744,4,4968,1,0
aging_implicit,rc_1608,575,33.036,130,0,0,9.7198,6.3208,-7.50647752311502,9.08294015674405,4,6016,0,0
aging_implicit,rc_1608,576,24.759,50,0,0,10.624,4.8997,4.90352247688498,10.544940156744,4,4809,1,0
aging_implicit,rc_1608,577,32.547,50,0,0,9.46,6.0375,8.54782247688498,8.33754015674405,4,5029,1,0
aging_implicit,rc_1608,578,139.43,130,0,0,-8.5884,7.3541,-4.69577752311502,10.888940156744,4,4229,1,0
aging_implicit,rc_1608,579,85.674,90,0,0,0.8447,11.166,-0.432077523115015,11.576940156744,4,3709,1,0
aging_implicit,rc_1608,580,175.84,130,0,0,-11.236,0.8167,-6.98247752311502,8.53824015674405,4,5635,1,0
aging_implicit,rc_1608,581,88.87,90,0,0,0.2191,11.103,1.75932247688498,11.863540156744,4,3975,1,0
aging_implicit,rc_1608,582,127.6,50,0,0,-6.7636,8.7814,4.09362247688498,11.748940156744,4,3989,0,0
aging_implicit,rc_1608,583,58.649,50,0,0,5.9932,9.8375,8.09532247688498,8.53824015674405,4,4987,1,0
aging_implicit,rc_1608,584,89.066,90,0,0,0.1835,11.251,-1.74217752311502,11.548240156744,4,4864,1,0
aging_implicit,rc_1608,585,155.43,130,0,0,-10.477,4.7903,-3.67147752311502,11.003540156744,4,4470,1,0
aging_implicit,rc_1608,586,31.193,50,0,0,9.6883,5.8659,3.37902247688498,11.605540156744,4,3816,1,0
aging_implicit,rc_1608,587,136.08,130,0,0,-8.0833,7.7855,-5.19597752311502,9.85694015674405,4,3928,1,0
aging_implicit,rc_1608,588,27.357,90,0,0,9.9005,5.1225,-2.48057752311502,11.748940156744,4,5016,1,0
aging_implicit,co_0407,91,150.74,130,0,0,-10.817,6.0609,-9.88008058745048,4.75148708042232,1,20088,1,1
aging_implicit,co_0407,92,75.535,50,0,0,3.0299,11.745,1.45799941254952,11.2874870804223,1,7664,1,1
aging_implicit,co_0407,93,120.74,90,0,0,-6.1421,10.328,-4.99708058745048,9.76818708042232,1,6398,1,1
aging_implicit,co_0407,94,55.779,50,0,0,6.7534,9.9294,6.48391941254952,8.44948708042232,1,6577,1,1
aging_implicit,co_0407,95,124.9,130,0,0,-6.8959,9.8849,-6.47388058745048,11.8607870804223,1,4480,1,1
aging_implicit,co_0407,96,103.83,90,0,0,-2.8738,11.67,-2.82948058745048,12.4627870804223,1,6459,1,1
aging_implicit,co_0407,97,118.19,130,0,0,-5.6957,10.629,-4.87798058745048,11.3447870804223,1,5616,1,1
aging_implicit,co_0407,98,83.031,90,0,0,1.4734,12.053,2.31551941254952,12.1474870804223,1,4960,1,1
aging_implicit,co_0407,99,73.537,50,0,0,3.4159,11.559,3.93521941254952,10.8861870804223,1,4266,1,1
aging_implicit,co_0407,100,53.818,50,0,0,7.1142,9.7266,7.50811941254952,8.50678708042232,1,3712,1,1
aging_implicit,co_0407,101,122.67,130,0,0,-6.5742,10.251,-5.44968058745048,11.1154870804223,1,5609,1,1
aging_implicit,co_0407,102,81.965,90,0,0,1.7087,12.105,1.72000941254952,12.0901870804223,1,4340,1,1
aging_implicit,co_0407,103,115.16,90,0,0,-5.1398,10.941,-2.87718058745048,10.6567870804223,1,3746,1,1
aging_implicit,co_0407,104,128.95,130,0,0,-7.5552,9.3451,-5.52108058745048,11.0294870804223,1,3672,1,1
aging_implicit,co_0407,105,52.879,50,0,0,7.3772,9.7471,6.86501941254952,9.02278708042232,1,3517,1,1
aging_implicit,co_0407,106,83.3,50,0,0,1.4108,12.01,2.41081941254952,10.9721870804223,1,3321,1,1
aging_implicit,co_0407,107,116.05,90,0,0,-5.2783,10.799,-3.82988058745048,12.3481870804223,1,3195,1,1
aging_implicit,co_0407,108,136.17,130,0,0,-8.7378,8.3873,-7.66488058745048,9.94018708042232,1,3135,1,1
aging_implicit,co_0407,235,84.19,50,0,0,1.2226,12.015,3.91141941254952,12.0614870804223,2,7796,1,1
aging_implicit,co_0407,236,112.5,90,0,0,-4.6349,11.189,-3.06768058745048,9.51018708042232,2,3040,1,1
aging_implicit,co_0407,237,136.91,130,0,0,-8.9486,8.3698,-7.61718058745048,6.07018708042231,2,2978,1,1
aging_implicit,co_0407,238,63.714,50,0,0,5.3544,10.841,4.88801941254952,11.2014870804223,2,4534,1,1
aging_implicit,co_0407,239,113.98,130,0,0,-4.9177,11.054,-5.25908058745048,10.2841870804223,2,3296,1,1
aging_implicit,co_0407,240,92.549,90,0,0,-0.5359,12.038,-0.328480587450483,11.2301870804223,2,3272,1,1
aging_implicit,co_0407,241,122.08,130,0,0,-6.4398,10.275,-4.97328058745048,10.3987870804223,2,3132,1,1
aging_implicit,co_0407,242,106.53,90,0,0,-3.418,11.514,-3.18678058745048,11.3734870804223,2,3156,1,1
aging_implicit,co_0407,243,57.357,50,0,0,6.5511,10.227,7.55581941254952,8.65018708042231,2,3400,1,1
aging_implicit,co_0407,244,89.386,90,0,0,0.13,12.133,-0.804880587450483,12.7207870804223,2,2818,1,1
aging_implicit,co_0407,245,121.02,130,0,0,-6.1879,10.291,-6.21188058745048,10.4561870804223,2,2769,1,1
aging_implicit,co_0407,246,64.911,50,0,0,5.1669,11.036,5.60261941254952,9.88278708042231,2,3968,1,1
aging_implicit,co_0407,247,85.539,90,0,0,0.9438,12.098,-0.256980587450482,11.8321870804223,2,2791,1,1
aging_implicit,co_0407,248,110.46,130,0,0,-4.2328,11.343,-3.80608058745048,9.71078708042231,2,2787,1,1
aging_implicit,co_0407,249,43.722,50,0,0,8.8578,8.4713,9.00871941254952,7.93348708042231,2,3209,1,1
aging_implicit,co_0407,250,89.399,90,0,0,0.1262,12.039,1.12452941254952,11.9467870804223,2,2864,1,1
aging_implicit,co_0407,251,138.89,130,0,0,-9.1597,7.9941,-8.49848058745048,6.75818708042232,2,3670,1,1
aging_implicit,co_0407,252,67.512,50,0,0,4.6755,11.294,3.17301941254952,11.3734870804223,2,2778,1,1
aging_implicit,co_0407,379,77.179,50,0,0,2.6862,11.804,3.95901941254952,10.6567870804223,3,4327,1,1
aging_implicit,co_0407,380,130.14,130,0,0,-7.7709,9.2148,-6.37858058745048,10.4561870804223,3,2360,1,1
aging_implicit,co_0407,381,97.319,90,0,0,-1.5512,12.078,-0.971580587450483,12.0901870804223,3,2914,1,1
aging_implicit,co_0407,382,129.9,130,0,0,-7.7741,9.2963,-6.68828058745048,10.0547870804223,3,2646,1,1
aging_implicit,co_0407,383,65.352,50,0,0,5.1221,11.163,4.29251941254952,10.9721870804223,3,2944,1,1
aging_implicit,co_0407,384,106.71,90,0,0,-3.4549,11.507,-4.13958058745048,12.0901870804223,3,2966,1,1
aging_implicit,co_0407,385,69.296,50,0,0,4.286,11.34,3.45881941254952,11.7174870804223,3,3016,1,1
aging_implicit,co_0407,386,108.27,90,0,0,-3.7927,11.488,-3.90138058745048,10.8001870804223,3,2509,1,1
aging_implicit,co_0407,387,145.7,130,0,0,-9.9214,6.7685,-9.42708058745048,6.24218708042232,3,2570,1,1
aging_implicit,co_0407,388,56.935,50,0,0,6.6171,10.164,5.00711941254952,10.6854870804223,3,2610,1,1
aging_implicit,co_0407,389,88.112,90,0,0,0.3962,12.021,0.219389412549517,11.9467870804223,3,2549,1,1
aging_implicit,co_0407,390,126.46,130,0,0,-7.1683,9.7012,-7.23608058745048,10.8574870804223,3,2509,1,1
aging_implicit,co_0407,391,116.17,130,0,0,-5.3083,10.802,-4.13958058745048,11.3447870804223,3,2569,1,1
aging_implicit,co_0407,392,86.229,90,0,0,0.8032,12.187,-0.185580587450483,12.4054870804223,3,2709,1,1
aging_implicit,co_0407,393,59.427,50,0,0,6.2243,10.536,5.26911941254952,10.4274870804223,3,2509,1,1
aging_implicit,co_0407,394,72.232,50,0,0,3.7453,11.688,3.43501941254952,11.4594870804223,3,2429,1,1
aging_implicit,co_0407,395,105.23,90,0,0,-3.1736,11.656,-3.75848058745048,12.4054870804223,3,2269,1,1
aging_implicit,co_0407,396,121.29,130,0,0,-6.238,10.265,-5.35438058745048,10.8001870804223,3,2893,1,1
aging_implicit,co_0407,523,147.46,130,0,0,-10.227,6.5243,-7.56958058745048,7.79018708042231,4,3568,1,1
aging_implicit,co_0407,524,71.39,50,0,0,3.85,11.434,4.12581941254952,11.2874870804223,4,2992,1,1
aging_implicit,co_0407,525,96.075,90,0,0,-1.2834,12.059,-1.16218058745048,12.1187870804223,4,2851,1,1
aging_implicit,co_0407,526,94.383,90,0,0,-0.9297,12.13,-0.447580587450483,12.0327870804223,4,2749,1,1
aging_implicit,co_0407,527,123.82,130,0,0,-6.8004,10.149,-7.16468058745048,10.5994870804223,4,3420,1,1
aging_implicit,co_0407,528,45.821,50,0,0,8.3664,8.6098,5.45961941254952,10.7714870804223,4,2489,1,1
aging_implicit,co_0407,529,31.613,50,0,0,10.343,6.3663,8.58001941254952,8.10548708042231,4,3842,1,1
aging_implicit,co_0407,530,107.89,130,0,0,-3.7269,11.548,-4.52068058745048,12.1761870804223,4,2835,1,1
aging_implicit,co_0407,531,65.184,90,0,0,5.1619,11.163,2.76811941254952,12.6921870804223,4,2789,1,1
aging_implicit,co_0407,532,25.043,50,0,0,11.018,5.1479,8.72291941254952,8.01948708042232,4,2729,1,1
aging_implicit,co_0407,533,75.369,90,0,0,3.0462,11.669,2.12491941254952,12.8067870804223,4,2719,1,1
aging_implicit,co_0407,534,117.36,130,0,0,-5.5535,10.734,-5.33058058745048,11.8034870804223,4,2669,1,1
aging_implicit,co_0407,535,104.27,90,0,0,-2.988,11.746,-3.40118058745048,11.9467870804223,4,2950,1,1
aging_implicit,co_0407,536,112.07,130,0,0,-4.5583,11.244,-4.99708058745048,12.0327870804223,4,3049,1,1
aging_implicit,co_0407,537,54.589,50,0,0,7.0074,9.8562,5.03091941254952,11.1154870804223,4,2769,1,1
aging_implicit,co_0407,538,44.375,50,0,0,8.7103,8.5223,7.96071941254952,9.42418708042231,4,2870,1,1
aging_implicit,co_0407,539,75.439,90,0,0,3.0452,11.723,1.83910941254952,12.8927870804223,4,2649,1,1
aging_implicit,co_0407,540,160.89,130,0,0,-11.433,3.9605,-10.0470805874505,6.90148708042232,4,3069,1,1
aging_implicit,co_0407,139,151.88,130,0,0,-10.082,5.3884,-13.4118552211395,-6.50016754174368,1,3006,0,0
aging_implicit,co_0407,140,73.254,50,0,0,3.2694,10.866,3.95224477886052,11.2448324582563,1,2749,1,0
aging_implicit,co_0407,141,120.16,90,0,0,-5.6146,9.6617,-4.62275522113948,11.0728324582563,1,3172,1,0
aging_implicit,co_0407,142,55.053,50,0,0,6.4343,9.2074,9.00194477886052,8.06253245825632,1,3300,1,0
aging_implicit,co_0407,143,126.48,130,0,0,-6.6882,9.0465,-5.50405522113948,11.1868324582563,1,3018,1,0
aging_implicit,co_0407,144,102.49,90,0,0,-2.4053,10.859,-1.16895522113948,10.9865324582563,1,4176,1,0
aging_implicit,co_0407,145,117.99,130,0,0,-5.2611,9.8986,-3.12215522113948,9.46713245825632,1,2601,1,0
aging_implicit,co_0407,146,82.66,90,0,0,1.4277,11.084,2.95184477886052,10.8145324582563,1,3050,1,0
aging_implicit,co_0407,147,71.826,50,0,0,3.5246,10.737,5.33374477886052,10.8431324582563,1,3029,1,0
aging_implicit,co_0407,148,55.25,50,0,0,6.4909,9.3566,10.0500447788605,6.80113245825632,1,2789,1,0
aging_implicit,co_0407,149,122.99,130,0,0,-6.1195,9.4263,-4.40835522113948,11.7028324582563,1,2710,1,0
aging_implicit,co_0407,150,81.742,90,0,0,1.6383,11.288,3.52354477886052,11.4448324582563,1,2749,1,0
aging_implicit,co_0407,151,115.12,90,0,0,-4.7958,10.227,-4.43215522113948,11.6748324582563,1,2569,1,0
aging_implicit,co_0407,152,129.31,130,0,0,-6.9822,8.5264,-7.71925522113948,10.1265324582563,1,2529,1,0
aging_implicit,co_0407,153,53.889,50,0,0,6.7546,9.259,9.57364477886052,7.08783245825632,1,2669,1,0
aging_implicit,co_0407,154,81.808,50,0,0,1.5917,11.056,3.95224477886052,11.2448324582563,1,2609,1,0
aging_implicit,co_0407,155,114.82,90,0,0,-4.7016,10.164,-4.62275522113948,11.2728324582563,1,2609,1,0
aging_implicit,co_0407,156,136,130,0,0,-8.0686,7.7928,-7.67165522113948,8.83653245825632,1,2729,1,0
aging_implicit,co_0407,283,82.783,50,0,0,1.4105,11.138,-4.81325522113948,5.28183245825632,2,2821,0,0
aging_implicit,co_0407,284,112.59,90,0,0,-4.3022,10.341,-1.88355522113948,10.9291324582563,2,2539,1,0
aging_implicit,co_0407,285,137.81,130,0,0,-8.3765,7.5938,-7.45725522113948,8.34913245825632,2,2509,1,0
aging_implicit,co_0407,286,63.333,50,0,0,5.0876,10.13,6.78674477886052,9.12313245825632,2,2566,1,0
aging_implicit,co_0407,287,115.2,130,0,0,-4.8231,10.249,-4.26545522113948,11.2158324582563,2,2558,1,0
aging_implicit,co_0407,288,92.651,90,0,0,-0.5158,11.14,0.236414778860518,11.5888324582563,2,2650,1,0
aging_implicit,co_0407,289,124.57,130,0,0,-6.4804,9.4055,-4.19395522113948,10.3558324582563,2,2430,1,0
aging_implicit,co_0407,290,105.88,90,0,0,-3.0211,10.618,-1.95495522113948,12.2188324582563,2,2549,1,0
aging_implicit,co_0407,291,57.224,50,0,0,6.1152,9.4978,7.69194477886052,7.91913245825632,2,2429,1,0
aging_implicit,co_0407,292,90.053,90,0,0,-0.0104,11.237,0.712804778860518,11.0728324582563,2,2510,1,0
aging_implicit,co_0407,293,122.26,130,0,0,-5.9378,9.406,-4.64655522113948,11.2158324582563,2,2469,1,0
aging_implicit,co_0407,294,65.132,50,0,0,4.7507,10.249,6.95354477886052,8.83653245825632,2,2429,1,0
aging_implicit,co_0407,295,86.891,90,0,0,0.6116,11.26,1.76086477886052,12.8498324582563,2,2497,1,0
aging_implicit,co_0407,296,112.92,130,0,0,-4.4494,10.525,-3.31265522113948,10.6425324582563,2,2509,1,0
aging_implicit,co_0407,297,46.674,50,0,0,7.9722,8.4523,10.4787447788605,6.39983245825632,2,2469,1,0
aging_implicit,co_0407,298,89.903,90,0,0,0.0189,11.202,2.40394477886052,11.5888324582563,2,2469,1,0
aging_implicit,co_0407,299,139,130,0,0,-8.474,7.3666,-9.29185522113948,9.29513245825632,2,2569,1,0
aging_implicit,co_0407,300,68.448,50,0,0,4.1759,10.573,7.38224477886052,10.6711324582563,2,2581,1,0
aging_implicit,co_0407,427,74.959,50,0,0,2.9195,10.865,3.07094477886052,10.9291324582563,3,5073,1,0
aging_implicit,co_0407,428,129.78,130,0,0,-7.2001,8.649,-8.14805522113948,6.60053245825632,3,3701,1,0
aging_implicit,co_0407,429,96.463,90,0,0,-1.2796,11.295,-1.43095522113948,11.0148324582563,3,2389,1,0
aging_implicit,co_0407,430,130.89,130,0,0,-7.2955,8.4252,-8.14805522113948,9.32383245825632,3,3049,1,0
aging_implicit,co_0407,431,65.183,50,0,0,4.7406,10.252,3.04714477886052,11.6748324582563,3,2600,1,0
aging_implicit,co_0407,432,106.16,90,0,0,-3.0705,10.595,-3.00305522113948,12.4488324582563,3,2553,1,0
aging_implicit,co_0407,433,67.368,50,0,0,4.3739,10.491,2.88034477886052,12.4768324582563,3,3229,1,0
aging_implicit,co_0407,434,107.21,90,0,0,-3.334,10.761,-3.50325522113948,10.9005324582563,3,3378,1,0
aging_implicit,co_0407,435,143.6,130,0,0,-9.057,6.6786,-9.17185522113948,6.88713245825632,3,2510,1,0
aging_implicit,co_0407,436,57.087,50,0,0,6.1906,9.5645,5.59584477886052,10.5278324582563,3,3270,1,0
aging_implicit,co_0407,437,88.444,90,0,0,0.3009,11.075,1.64176477886052,10.3845324582563,3,2349,1,0
aging_implicit,co_0407,438,128.33,130,0,0,-6.9263,8.7614,-8.14805522113948,9.55313245825632,3,2429,1,0
aging_implicit,co_0407,439,115.94,130,0,0,-4.8331,9.9338,-5.31355522113948,12.1328324582563,3,2409,1,0
aging_implicit,co_0407,440,85.854,90,0,0,0.8266,11.403,-0.216155221139482,12.6208324582563,3,2389,1,0
aging_implicit,co_0407,441,59.36,50,0,0,5.8667,9.9043,4.04754477886052,11.6458324582563,3,3174,1,0
aging_implicit,co_0407,442,72.673,50,0,0,3.4001,10.899,2.45164477886052,12.0758324582563,3,2389,1,0
aging_implicit,co_0407,443,104.7,90,0,0,-2.83,10.791,-3.28885522113948,12.7638324582563,3,2466,1,0
aging_implicit,co_0407,444,121.69,130,0,0,-5.8274,9.4397,-5.19445522113948,12.0468324582563,3,2429,1,0
aging_implicit,co_0407,571,147.66,130,0,0,-9.4906,6.0092,-8.93385522113948,6.62913245825632,4,2923,1,0
aging_implicit,co_0407,572,69.955,50,0,0,3.9153,10.731,4.02374477886052,11.5888324582563,4,2396,1,0
aging_implicit,co_0407,573,95.693,90,0,0,-1.1094,11.129,-0.859255221139482,12.1328324582563,4,2754,1,0
aging_implicit,co_0407,574,92.9,90,0,0,-0.5763,11.378,-0.978355221139482,12.2478324582563,4,2350,1,0
aging_implicit,co_0407,575,124.51,130,0,0,-6.4724,9.4141,-4.67035522113948,11.7028324582563,4,2546,1,0
aging_implicit,co_0407,576,48.378,50,0,0,7.4708,8.4082,8.73994477886052,8.40653245825632,4,2615,1,0
aging_implicit,co_0407,577,34.354,50,0,0,9.4749,6.4765,9.85944477886052,6.88713245825632,4,2409,1,0
aging_implicit,co_0407,578,106.98,130,0,0,-3.3025,10.817,-4.50365522113948,12.7348324582563,4,3072,1,0
aging_implicit,co_0407,579,64.264,90,0,0,4.9813,10.334,3.57114477886052,11.1868324582563,4,2409,1,0
aging_implicit,co_0407,580,27.626,50,0,0,10.107,5.2899,10.0500447788605,6.19913245825632,4,2499,1,0
aging_implicit,co_0407,581,75.097,90,0,0,2.8508,10.712,4.07134477886052,11.3308324582563,4,2921,1,0
aging_implicit,co_0407,582,119.08,130,0,0,-5.4842,9.8608,-4.67035522113948,10.6138324582563,4,2508,1,0
aging_implicit,co_0407,583,103.27,90,0,0,-2.5601,10.859,-3.28885522113948,11.8468324582563,4,2409,1,0
aging_implicit,co_0407,584,111.31,130,0,0,-4.0643,10.42,-4.67035522113948,11.3588324582563,4,2479,1,0
aging_implicit,co_0407,585,53.565,50,0,0,6.7047,9.0825,6.19124477886052,10.8718324582563,4,2369,1,0
aging_implicit,co_0407,586,45.504,50,0,0,8.0207,8.1631,10.2167447788605,7.48913245825632,4,2389,1,0
aging_implicit,co_0407,587,75.103,90,0,0,2.8985,10.896,3.04714477886052,11.6168324582563,4,2329,1,0
aging_implicit,co_0407,588,159.01,130,0,0,-10.483,4.0216,-9.41085522113948,7.08783245825632,4,2869,1,0
aging_implicit,bj_2404,91,112.03,90,0,0,-4.5341,11.204,-4.03808293138248,11.1861666550977,1,8110,1,1
aging_implicit,bj_2404,92,160.53,130,0,0,-11.479,4.0593,-8.84958293138248,7.80346665509766,1,6962,1,1
aging_implicit,bj_2404,93,61.833,50,0,0,5.8112,10.853,3.17921706861752,8.66346665509766,1,7996,1,1
aging_implicit,bj_2404,94,135.52,130,0,0,-8.5647,8.4105,-9.30258293138248,8.09016665509766,1,4057,1,1
aging_implicit,bj_2404,95,61.134,50,0,0,6.0069,10.897,7.77631706861752,9.23676665509766,1,4209,1,1
aging_implicit,bj_2404,96,108.5,90,0,0,-3.816,11.403,-1.03688293138248,12.9064666550977,1,3113,1,1
aging_implicit,bj_2404,97,93.219,90,0,0,-0.6781,12.056,-2.46598293138248,12.0744666550977,1,6609,1,1
aging_implicit,bj_2404,98,55.049,50,0,0,7.1177,10.184,7.18081706861752,9.00746665509766,1,3089,1,1
aging_implicit,bj_2404,99,143.13,130,0,0,-9.8189,7.3648,-7.51578293138248,8.69216665509766,1,2749,1,1
aging_implicit,bj_2404,100,144.65,130,0,0,-10.056,7.1345,-7.56338293138248,9.38016665509766,1,2849,1,1
aging_implicit,bj_2404,101,67.373,50,0,0,4.7033,11.284,8.27651706861752,8.72076665509766,1,3969,1,1
aging_implicit,bj_2404,102,105.3,90,0,0,-3.3133,12.112,-0.274582931382479,11.9884666550977,1,3269,1,1
aging_implicit,bj_2404,103,145.98,130,0,0,-9.9852,6.739,-7.75398293138248,9.92476665509766,1,3029,1,1
aging_implicit,bj_2404,104,101.97,90,0,0,-2.5623,12.089,-0.822482931382479,11.7881666550977,1,2969,1,1
aging_implicit,bj_2404,105,63.168,50,0,0,5.6233,11.117,8.25271706861752,10.0107666550977,1,2629,1,1
aging_implicit,bj_2404,106,108.39,90,0,0,-3.8687,11.637,-0.608082931382479,12.3614666550977,1,2629,1,1
aging_implicit,bj_2404,107,62.827,50,0,0,5.5628,10.837,8.10981706861752,9.26546665509766,1,2929,1,1
aging_implicit,bj_2404,108,134.22,130,0,0,-8.5068,8.7424,-7.46808293138248,9.49476665509766,1,2608,1,1
aging_implicit,bj_2404,235,67.942,50,0,0,4.5482,11.224,6.65681706861752,8.95016665509766,2,4510,1,1
aging_implicit,bj_2404,236,111.6,90,0,0,-4.4724,11.296,-1.10828293138248,11.7594666550977,2,2869,1,1
aging_implicit,bj_2404,237,145.3,130,0,0,-9.9811,6.9124,-8.06358293138248,8.52016665509766,2,3169,1,1
aging_implicit,bj_2404,238,107.04,90,0,0,-3.5439,11.56,-1.65618293138248,11.7021666550977,2,3009,1,1
aging_implicit,bj_2404,239,143.91,130,0,0,-9.8164,7.1559,-7.75398293138248,9.38016665509766,2,3050,1,1
aging_implicit,bj_2404,240,57.881,50,0,0,6.4981,10.351,7.13321706861752,10.3834666550977,2,3370,1,1
aging_implicit,bj_2404,241,136.31,130,0,0,-8.9509,8.5519,-7.49188293138248,9.15076665509766,2,3050,1,1
aging_implicit,bj_2404,242,102.31,90,0,0,-2.5782,11.812,-1.20358293138248,13.8524666550977,2,2889,1,1
aging_implicit,bj_2404,243,62.473,50,0,0,5.6431,10.828,7.41901706861752,10.5554666550977,2,2949,1,1
aging_implicit,bj_2404,244,108.05,90,0,0,-3.7486,11.505,-0.989182931382479,12.6484666550977,2,2849,1,1
aging_implicit,bj_2404,245,67.656,50,0,0,4.6713,11.365,7.15701706861752,10.0394666550977,2,2929,1,1
aging_implicit,bj_2404,246,139.78,130,0,0,-9.2725,7.8419,-7.03938293138248,7.54546665509766,2,3209,1,1
aging_implicit,bj_2404,247,70.4,50,0,0,4.1022,11.521,6.84741706861752,9.63816665509766,2,2809,1,1
aging_implicit,bj_2404,248,109.07,90,0,0,-3.955,11.44,-2.60898293138248,12.1034666550977,2,3161,1,1
aging_implicit,bj_2404,249,144.07,130,0,0,-9.8962,7.1708,-8.27798293138248,8.54876665509766,2,2909,1,1
aging_implicit,bj_2404,250,61.738,50,0,0,5.7707,10.734,6.75211706861752,9.98216665509766,2,2949,1,1
aging_implicit,bj_2404,251,143.64,130,0,0,-9.7123,7.1496,-7.06318293138248,9.46616665509766,2,3589,1,1
aging_implicit,bj_2404,252,108.04,90,0,0,-3.809,11.698,-1.32268293138248,12.2754666550977,2,2869,1,1
aging_implicit,bj_2404,379,55.07,50,0,0,6.9089,9.8926,6.84741706861752,8.06146665509766,3,9827,1,1
aging_implicit,bj_2404,380,108.76,90,0,0,-3.9195,11.541,-0.274582931382479,12.1034666550977,3,2970,1,1
aging_implicit,bj_2404,381,157.11,130,0,0,-11.248,4.7503,-6.84878293138248,8.37676665509766,3,4249,1,1
aging_implicit,bj_2404,382,92.956,90,0,0,-0.6236,12.075,-1.53708293138248,12.4764666550977,3,4776,1,1
aging_implicit,bj_2404,383,167.15,130,0,0,-12.152,2.7723,-7.75398293138248,8.86416665509766,3,2849,1,1
aging_implicit,bj_2404,384,57.196,50,0,0,6.6407,10.303,7.01411706861752,8.03276665509766,3,3384,1,1
aging_implicit,bj_2404,385,109.94,90,0,0,-4.1709,11.499,-0.965382931382479,13.3364666550977,3,2589,1,1
aging_implicit,bj_2404,386,58.202,50,0,0,6.3345,10.217,6.51391706861752,9.06476665509766,3,2789,1,1
aging_implicit,bj_2404,387,152.07,130,0,0,-10.627,5.6326,-7.92068293138248,8.80676665509766,3,2849,1,1
aging_implicit,bj_2404,388,145.3,130,0,0,-10.158,7.0325,-7.68248293138248,9.35146665509766,3,2629,1,1
aging_implicit,bj_2404,389,46.694,50,0,0,8.2364,8.7384,7.41901706861752,9.55216665509766,3,2749,1,1
aging_implicit,bj_2404,390,108.78,90,0,0,-3.878,11.403,-1.06068293138248,13.1924666550977,3,2512,1,1
aging_implicit,bj_2404,391,50.169,50,0,0,7.8849,9.4535,7.29991706861752,9.15076665509766,3,2729,1,1
aging_implicit,bj_2404,392,113.58,90,0,0,-4.9964,11.445,-1.53708293138248,12.5044666550977,3,2489,1,1
aging_implicit,bj_2404,393,152.98,130,0,0,-10.774,5.4944,-7.53958293138248,8.29076665509766,3,2805,1,1
aging_implicit,bj_2404,394,107.96,90,0,0,-3.7726,11.641,-1.51328293138248,12.0464666550977,3,2630,1,1
aging_implicit,bj_2404,395,169.13,130,0,0,-12.118,2.3275,-7.08698293138248,9.06476665509766,3,3210,1,1
aging_implicit,bj_2404,396,66.095,50,0,0,5.0816,11.464,5.72791706861752,8.89276665509766,3,2962,1,1
aging_implicit,bj_2404,523,149.78,130,0,0,-10.385,6.0492,-8.65858293138248,7.40216665509766,4,4871,1,1
aging_implicit,bj_2404,524,60.337,50,0,0,5.9493,10.446,6.58541706861752,8.52016665509766,4,2955,1,1
aging_implicit,bj_2404,525,102.09,90,0,0,-2.5335,11.823,-0.32228293138248,12.7914666550977,4,2709,1,1
aging_implicit,bj_2404,526,101.54,90,0,0,-2.4181,11.847,0.130317068617521,12.3324666550977,4,2590,1,1
aging_implicit,bj_2404,527,52.956,50,0,0,7.3469,9.7341,8.30041706861752,8.69216665509766,4,2689,1,1
aging_implicit,bj_2404,528,145.17,130,0,0,-10.011,6.965,-7.75398293138248,9.60946665509766,4,2610,1,1
aging_implicit,bj_2404,529,98.616,90,0,0,-1.856,12.249,-0.369882931382479,12.8484666550977,4,2670,1,1
aging_implicit,bj_2404,530,154.46,130,0,0,-11.044,5.2774,-7.18228293138248,8.77816665509766,4,2729,1,1
aging_implicit,bj_2404,531,53.572,50,0,0,7.1437,9.6797,7.29991706861752,8.86416665509766,4,2649,1,1
aging_implicit,bj_2404,532,147.2,130,0,0,-10.252,6.6059,-7.37278293138248,8.57746665509766,4,2829,1,1
aging_implicit,bj_2404,533,101.57,90,0,0,-2.4098,11.776,-1.32268293138248,12.4764666550977,4,2909,1,1
aging_implicit,bj_2404,534,61.653,50,0,0,5.7002,10.566,7.46671706861752,10.3261666550977,4,2749,1,1
aging_implicit,bj_2404,535,64.601,50,0,0,5.2349,11.025,7.82401706861752,9.15076665509766,4,2929,1,1
aging_implicit,bj_2404,536,142.91,130,0,0,-9.7909,7.4031,-7.27758293138248,8.52016665509766,4,2911,1,1
aging_implicit,bj_2404,537,99.448,90,0,0,-1.9812,11.906,-1.79908293138248,12.1894666550977,4,2772,1,1
aging_implicit,bj_2404,538,65.442,50,0,0,5.0273,11.002,7.70491706861752,8.77816665509766,4,2909,1,1
aging_implicit,bj_2404,539,106.04,90,0,0,-3.3633,11.698,-2.39458293138248,12.5334666550977,4,2829,1,1
aging_implicit,bj_2404,540,143,130,0,0,-9.6946,7.3041,-6.75348293138248,9.40876665509766,4,2989,1,1
aging_implicit,bj_2404,139,110.2,90,0,0,-3.9145,10.642,-3.46674092636924,10.2378144347905,1,2549,1,0
aging_implicit,bj_2404,140,158.84,130,0,0,-10.548,4.0827,-8.13534092636924,7.2565144347905,1,2369,1,0
aging_implicit,bj_2404,141,64.07,50,0,0,5.1287,10.548,6.10865907363076,8.9765144347905,1,2729,1,0
aging_implicit,bj_2404,142,136.57,130,0,0,-8.0422,7.613,-7.42074092636924,8.8618144347905,1,2589,1,0
aging_implicit,bj_2404,143,61.966,50,0,0,5.4399,10.216,7.79985907363076,8.34581443479049,1,2509,1,0
aging_implicit,bj_2404,144,108.24,90,0,0,-3.5057,10.64,-1.29914092636924,11.8718144347905,1,2549,1,0
aging_implicit,bj_2404,145,95.386,90,0,0,-1.0689,11.336,-2.65694092636924,12.7318144347905,1,2530,1,0
aging_implicit,bj_2404,146,59.295,50,0,0,6.3112,10.627,8.39535907363076,9.4352144347905,1,2669,1,0
aging_implicit,bj_2404,147,142.77,130,0,0,-9.1095,6.9227,-7.58754092636924,8.1738144347905,1,2449,1,0
aging_implicit,bj_2404,148,142.12,130,0,0,-9.2455,7.1916,-7.58754092636924,9.5785144347905,1,2590,1,0
aging_implicit,bj_2404,149,67.063,50,0,0,4.4958,10.624,7.18055907363076,9.6358144347905,1,2510,1,0
aging_implicit,bj_2404,150,104.72,90,0,0,-2.9567,11.253,-2.20434092636924,12.0725144347905,1,2330,1,0
aging_implicit,bj_2404,151,144.88,130,0,0,-9.0647,6.3751,-7.42074092636924,8.37451443479049,1,2310,1,0
aging_implicit,bj_2404,152,100.72,90,0,0,-2.1642,11.432,-2.53784092636924,11.8432144347905,1,2549,1,0
aging_implicit,bj_2404,153,64.86,50,0,0,4.988,10.629,7.70455907363076,9.1198144347905,1,2429,1,0
aging_implicit,bj_2404,154,109.19,90,0,0,-3.7198,10.688,-1.72794092636924,12.1298144347905,1,2409,1,0
aging_implicit,bj_2404,155,65.891,50,0,0,4.8014,10.729,6.22775907363076,9.7218144347905,1,2669,1,0
aging_implicit,bj_2404,156,134.84,130,0,0,-7.9133,7.9571,-8.25444092636924,8.1165144347905,1,2449,1,0
aging_implicit,bj_2404,283,67.298,50,0,0,4.3963,10.509,6.56125907363076,9.7505144347905,2,4080,1,0
aging_implicit,bj_2404,284,110.26,90,0,0,-3.879,10.506,-0.72754092636924,12.2732144347905,2,2738,1,0
aging_implicit,bj_2404,285,144.71,130,0,0,-9.2666,6.5578,-7.58754092636924,8.74721443479049,2,2429,1,0
aging_implicit,bj_2404,286,105.64,90,0,0,-3.0839,11.016,-3.82404092636924,11.7572144347905,2,2589,1,0
aging_implicit,bj_2404,287,140.99,130,0,0,-8.8409,7.1606,-7.51604092636924,9.2918144347905,2,2469,1,0
aging_implicit,bj_2404,288,60.115,50,0,0,6.5196,11.345,7.46635907363076,9.3205144347905,2,3549,1,0
aging_implicit,bj_2404,289,137.57,130,0,0,-8.5252,7.7925,-8.30214092636924,8.9192144347905,2,2469,1,0
aging_implicit,bj_2404,290,101.78,90,0,0,-2.3406,11.221,-2.10904092636924,12.1012144347905,2,2469,1,0
aging_implicit,bj_2404,291,63.399,50,0,0,5.0346,10.053,8.03805907363076,9.23451443479049,2,2549,1,0
aging_implicit,bj_2404,292,106.43,90,0,0,-3.2206,10.921,-1.27534092636924,12.4738144347905,2,3229,1,0
aging_implicit,bj_2404,293,66.056,50,0,0,4.6331,10.434,8.30005907363076,8.9765144347905,2,2649,1,0
aging_implicit,bj_2404,294,139.6,130,0,0,-8.5005,7.2338,-7.84954092636924,7.85851443479049,2,2669,1,0
aging_implicit,bj_2404,295,67.722,50,0,0,4.4004,10.741,5.72755907363076,9.8652144347905,2,2609,1,0
aging_implicit,bj_2404,296,109.1,90,0,0,-3.6736,10.612,-1.27534092636924,12.8465144347905,2,2588,1,0
aging_implicit,bj_2404,297,144,130,0,0,-9.227,6.7049,-8.54054092636924,8.8618144347905,2,2610,1,0
aging_implicit,bj_2404,298,62.412,50,0,0,5.3871,10.31,7.15675907363076,9.66451443479049,2,2549,1,0
aging_implicit,bj_2404,299,143,130,0,0,-8.8848,6.6944,-6.89674092636924,10.1518144347905,2,2664,1,0
aging_implicit,bj_2404,300,104.95,90,0,0,-2.9826,11.171,-2.03754092636924,12.4738144347905,2,2589,1,0
aging_implicit,bj_2404,427,55.415,50,0,0,6.3419,9.1982,5.08445907363076,9.97981443479049,3,2958,1,0
aging_implicit,bj_2404,428,109.13,90,0,0,-3.6726,10.589,-2.65694092636924,12.5312144347905,3,2389,1,0
aging_implicit,bj_2404,429,154.39,130,0,0,-10.369,4.9709,-7.82574092636924,9.8652144347905,3,2489,1,0
aging_implicit,bj_2404,430,92.717,90,0,0,-0.5327,11.227,-1.84704092636924,12.1298144347905,3,2469,1,0
aging_implicit,bj_2404,431,164.85,130,0,0,-11.495,3.1134,-7.92094092636924,9.2058144347905,3,3090,1,0
aging_implicit,bj_2404,432,59.453,50,0,0,5.9008,9.9988,7.15675907363076,9.3205144347905,3,2850,1,0
aging_implicit,bj_2404,433,108.47,90,0,0,-3.6115,10.815,-1.46594092636924,11.8432144347905,3,2830,1,0
aging_implicit,bj_2404,434,60.751,50,0,0,5.576,9.9569,6.25155907363076,10.1805144347905,3,3489,1,0
aging_implicit,bj_2404,435,150.81,130,0,0,-9.8099,5.4804,-7.44464092636924,8.4318144347905,3,2549,1,0
aging_implicit,bj_2404,436,143.25,130,0,0,-9.2597,6.9134,-7.53984092636924,9.26321443479049,3,2449,1,0
aging_implicit,bj_2404,437,49.869,50,0,0,8.204,9.7319,6.87085907363076,9.37781443479049,3,2809,1,0
aging_implicit,bj_2404,438,108.05,90,0,0,-3.4742,10.664,0.0346590736307597,11.9292144347905,3,2469,1,0
aging_implicit,bj_2404,439,54.113,50,0,0,6.8928,9.5267,6.56125907363076,9.9512144347905,3,2669,1,0
aging_implicit,bj_2404,440,112.29,90,0,0,-4.3955,10.722,-0.72754092636924,11.8145144347905,3,2489,1,0
aging_implicit,bj_2404,441,151.8,130,0,0,-9.9142,5.317,-7.92094092636924,8.74721443479049,3,2489,1,0
aging_implicit,bj_2404,442,105.71,90,0,0,-3.0886,10.978,-2.25194092636924,11.8432144347905,3,2576,1,0
aging_implicit,bj_2404,443,166.62,130,0,0,-11.319,2.6923,-7.44464092636924,9.7218144347905,3,2729,1,0
aging_implicit,bj_2404,444,65.844,50,0,0,4.8255,10.759,6.87085907363076,9.6072144347905,3,2349,1,0
aging_implicit,bj_2404,571,147.02,130,0,0,-9.4345,6.1228,-8.63554092636924,7.8012144347905,4,3381,1,0
aging_implicit,bj_2404,572,59.906,50,0,0,5.5449,9.5679,7.32345907363076,8.23121443479049,4,2549,1,0
aging_implicit,bj_2404,573,101.08,90,0,0,-2.1582,11.022,-0.84664092636924,11.8718144347905,4,2509,1,0
aging_implicit,bj_2404,574,100.51,90,0,0,-2.0457,11.025,-0.70374092636924,12.2158144347905,4,2629,1,0
aging_implicit,bj_2404,575,56.148,50,0,0,6.4719,9.6488,8.22855907363076,9.09121443479049,4,2489,1,0
aging_implicit,bj_2404,576,142.79,130,0,0,-9.0373,6.8618,-7.11114092636924,9.97981443479049,4,2489,1,0
aging_implicit,bj_2404,577,97.396,90,0,0,-1.4746,11.361,-2.22814092636924,12.1872144347905,4,2669,1,0
aging_implicit,bj_2404,578,151.68,130,0,0,-10.082,5.4324,-6.65854092636924,9.4638144347905,4,2509,1,0
aging_implicit,bj_2404,579,56.001,50,0,0,6.2574,9.2772,6.70415907363076,10.2092144347905,4,2669,1,0
aging_implicit,bj_2404,580,145.18,130,0,0,-9.4043,6.5411,-8.32594092636924,8.0305144347905,4,2549,1,0
aging_implicit,bj_2404,581,99.876,90,0,0,-1.9119,10.982,-2.22814092636924,12.0152144347905,4,2669,1,0
aging_implicit,bj_2404,582,60.296,50,0,0,5.6045,9.8241,5.67995907363076,10.1518144347905,4,2589,1,0
aging_implicit,bj_2404,583,65.759,50,0,0,4.7343,10.514,5.77515907363076,10.9832144347905,4,2629,1,0
aging_implicit,bj_2404,584,141.43,130,0,0,-8.9448,7.1322,-8.04004092636924,7.7725144347905,4,2529,1,0
aging_implicit,bj_2404,585,98.024,90,0,0,-1.5712,11.145,-2.72834092636924,12.4452144347905,4,2589,1,0
aging_implicit,bj_2404,586,65.439,50,0,0,4.6757,10.231,3.94105907363076,11.5278144347905,4,2650,1,0
aging_implicit,bj_2404,587,104.39,90,0,0,-2.8018,10.923,-3.41914092636924,12.5312144347905,4,2630,1,0
aging_implicit,bj_2404,588,141.62,130,0,0,-8.8747,7.0294,-9.56454092636924,8.9765144347905,4,2570,1,0
aging_implicit,ch_3006,91,57.098,50,0,0,6.5271,10.089,7.46329782972421,9.38098839135039,1,6622,1,1
aging_implicit,ch_3006,92,107.95,90,0,0,-3.7283,11.506,-0.516202170275794,12.3912883913504,1,3909,1,1
aging_implicit,ch_3006,93,144.87,130,0,0,-9.8871,6.9555,-7.28090217027579,8.80758839135039,1,3829,1,1
aging_implicit,ch_3006,94,101.15,90,0,0,-2.3366,11.851,-12.6645021702758,-4.49371160864961,1,4276,0,1
aging_implicit,ch_3006,95,146.65,130,0,0,-10.134,6.6686,-7.11420217027579,8.43498839135039,1,3520,1,1
aging_implicit,ch_3006,96,57.113,50,0,0,6.6237,10.244,6.10559782972421,9.52428839135039,1,3466,1,1
aging_implicit,ch_3006,97,110.91,90,0,0,-4.3228,11.317,-1.01640217027579,12.4482883913504,1,3859,1,1
aging_implicit,ch_3006,98,152.33,130,0,0,-10.695,5.6082,-7.56680217027579,9.12298839135039,1,3649,1,1
aging_implicit,ch_3006,99,61.886,50,0,0,5.7188,10.704,6.01029782972421,9.69628839135039,1,3470,1,1
aging_implicit,ch_3006,100,110.94,90,0,0,-4.3368,11.331,-0.992602170275793,13.4232883913504,1,3409,1,1
aging_implicit,ch_3006,101,145.32,130,0,0,-9.9436,6.8798,-8.85350217027579,7.51758839135039,1,3429,1,1
aging_implicit,ch_3006,102,56.192,50,0,0,6.7959,10.148,7.08219782972421,9.52428839135039,1,3670,1,1
aging_implicit,ch_3006,103,145.99,130,0,0,-10.012,6.755,-7.42390217027579,8.69298839135039,1,3930,1,1
aging_implicit,ch_3006,104,62.498,50,0,0,5.6351,10.824,6.62959782972421,10.0975883913504,1,3789,1,1
aging_implicit,ch_3006,105,100.59,90,0,0,-2.2069,11.804,-0.992602170275793,12.8782883913504,1,3649,1,1
aging_implicit,ch_3006,106,146.29,130,0,0,-10.079,6.7231,-8.6145021702758,8.20558839135039,1,3983,1,1
aging_implicit,ch_3006,107,60.752,50,0,0,5.9077,10.55,6.93929782972421,9.95428839135039,1,3549,1,1
aging_implicit,ch_3006,108,108.01,90,0,0,-3.7263,11.461,-1.27840217027579,12.5912883913504,1,3769,1,1
aging_implicit,ch_3006,235,154.66,130,0,0,-10.993,5.2051,-7.13800217027579,7.91898839135039,2,4952,1,1
aging_implicit,ch_3006,236,109.11,90,0,0,-3.9703,11.461,-1.06410217027579,12.0752883913504,2,3330,1,1
aging_implicit,ch_3006,237,51.13,50,0,0,7.6081,9.4388,7.27269782972421,9.52428839135039,2,3110,1,1
aging_implicit,ch_3006,238,65.546,50,0,0,4.9993,10.993,5.43869782972421,10.9292883913504,2,3169,1,1
aging_implicit,ch_3006,239,104.97,90,0,0,-3.1588,11.813,0.555697829724206,12.1902883913504,2,3209,1,1
aging_implicit,ch_3006,240,149.11,130,0,0,-10.472,6.2644,-7.61440217027579,8.26298839135039,2,3169,1,1
aging_implicit,ch_3006,241,90.904,50,0,0,-0.1911,12.111,3.08049782972421,11.8462883913504,2,3749,1,1
aging_implicit,ch_3006,242,91.276,90,0,0,-0.2722,12.218,4.29529782972421,11.4732883913504,2,3528,1,1
aging_implicit,ch_3006,243,155.17,130,0,0,-10.998,5.0893,-6.94750217027579,9.12298839135039,2,5500,1,1
aging_implicit,ch_3006,244,109.07,90,0,0,-3.9203,11.342,-0.301802170275794,12.3052883913504,2,3525,1,1
aging_implicit,ch_3006,245,149.76,130,0,0,-10.449,6.0917,-11.7585021702758,6.77228839135039,2,4770,1,1
aging_implicit,ch_3006,246,66.987,50,0,0,4.8027,11.307,6.17709782972421,10.1549883913504,2,3749,1,1
aging_implicit,ch_3006,247,107.25,90,0,0,-3.5784,11.523,-1.32610217027579,12.8492883913504,2,3189,1,1
aging_implicit,ch_3006,248,66.595,50,0,0,4.8014,11.093,5.08139782972421,11.2732883913504,2,3429,1,1
aging_implicit,ch_3006,249,149.05,130,0,0,-10.457,6.2709,-8.78150217027579,8.63558839135039,2,3489,1,1
aging_implicit,ch_3006,250,116.39,90,0,0,-5.3545,10.793,-2.44560217027579,11.4162883913504,2,3567,1,1
aging_implicit,ch_3006,251,55.914,50,0,0,6.8453,10.116,5.20049782972421,11.5592883913504,2,3310,1,1
aging_implicit,ch_3006,252,147.65,130,0,0,-10.162,6.437,-9.47250217027579,8.54958839135039,2,3689,1,1
aging_implicit,ch_3006,379,107.22,90,0,0,-3.5748,11.536,2.43739782972421,10.7282883913504,3,5374,1,1
aging_implicit,ch_3006,380,76.942,50,0,0,2.7548,11.878,7.05839782972421,10.3552883913504,3,3469,1,1
aging_implicit,ch_3006,381,163.86,130,0,0,-11.715,3.3909,-7.32860217027579,9.43828839135039,3,3429,1,1
aging_implicit,ch_3006,382,65.879,50,0,0,4.9847,11.133,6.39139782972421,6.94428839135039,3,3569,1,1
aging_implicit,ch_3006,383,118.28,90,0,0,-5.7523,10.691,-1.73100217027579,12.1902883913504,3,3509,1,1
aging_implicit,ch_3006,384,166.67,130,0,0,-11.731,2.7788,-7.28090217027579,8.52098839135039,3,3409,1,1
aging_implicit,ch_3006,385,129.16,130,0,0,-7.6732,9.4216,-6.56640217027579,9.49558839135039,3,4970,1,1
aging_implicit,ch_3006,386,80.724,90,0,0,1.9699,12.061,5.58159782972421,10.2982883913504,3,3190,1,1
aging_implicit,ch_3006,387,78.282,50,0,0,2.4793,11.953,7.29659782972421,9.55298839135039,3,3342,1,1
aging_implicit,ch_3006,388,112.48,90,0,0,-4.629,11.188,0.317497829724206,11.6742883913504,3,3569,1,1
aging_implicit,ch_3006,389,29.119,50,0,0,10.55,5.8768,10.6550978297242,3.44698839135039,3,3649,1,1
aging_implicit,ch_3006,390,145,130,0,0,-9.8539,6.8995,-6.42340217027579,9.46698839135039,3,3529,1,1
aging_implicit,ch_3006,391,66.711,50,0,0,4.7953,11.14,9.39269782972421,7.03028839135039,3,3869,1,1
aging_implicit,ch_3006,392,124.92,130,0,0,-6.9938,10.018,-7.30480217027579,9.40958839135039,3,3909,1,1
aging_implicit,ch_3006,393,118.14,90,0,0,-5.6836,10.628,-0.0160021702757938,11.8752883913504,3,3749,1,1
aging_implicit,ch_3006,394,158.33,130,0,0,-11.389,4.5254,-7.85260217027579,8.23428839135039,3,4289,1,1
aging_implicit,ch_3006,395,76.095,50,0,0,2.9183,11.788,7.22509782972421,10.1835883913504,3,3409,1,1
aging_implicit,ch_3006,396,113.98,90,0,0,-4.9267,11.074,-0.635302170275793,12.6772883913504,3,3689,1,1
aging_implicit,ch_3006,523,146.05,130,0,0,-10.174,6.8486,-4.08910217027579,10.7282883913504,4,3249,1,1
aging_implicit,ch_3006,524,118.6,90,0,0,-5.8419,10.715,-0.706802170275794,11.8752883913504,4,2949,1,1
aging_implicit,ch_3006,525,118,50,0,0,-5.6633,10.651,4.46209782972421,11.1012883913504,4,5925,1,1
aging_implicit,ch_3006,526,65.445,50,0,0,5.0431,11.038,7.51089782972421,8.49228839135039,4,3407,1,1
aging_implicit,ch_3006,527,150.07,130,0,0,-10.462,6.0227,-5.82790217027579,10.4132883913504,4,3369,1,1
aging_implicit,ch_3006,528,110.53,90,0,0,-4.2689,11.4,0.0315978297242063,12.3622883913504,4,3209,1,1
aging_implicit,ch_3006,529,146.01,130,0,0,-10.045,6.772,-6.70930217027579,10.1549883913504,4,3209,1,1
aging_implicit,ch_3006,530,70.391,50,0,0,4.0902,11.481,6.74869782972421,9.46698839135039,4,3249,1,1
aging_implicit,ch_3006,531,116.87,90,0,0,-5.4712,10.8,-0.968802170275794,12.2762883913504,4,3469,1,1
aging_implicit,ch_3006,532,145.26,130,0,0,-9.9082,6.8715,-6.99510217027579,9.12298839135039,4,3589,1,1
aging_implicit,ch_3006,533,108.27,90,0,0,-3.8229,11.577,0.103097829724206,12.0472883913504,4,3729,1,1
aging_implicit,ch_3006,534,72.317,50,0,0,3.6787,11.539,7.08219782972421,9.23758839135039,4,3290,1,1
aging_implicit,ch_3006,535,148.66,130,0,0,-10.412,6.3412,-6.66160217027579,9.72498839135039,4,3270,1,1
aging_implicit,ch_3006,536,78.236,50,0,0,2.4508,11.768,7.17749782972421,9.72498839135039,4,3330,1,1
aging_implicit,ch_3006,537,116.86,90,0,0,-5.4845,10.83,-0.945002170275794,12.9072883913504,4,3450,1,1
aging_implicit,ch_3006,538,135.32,130,0,0,-8.6569,8.5614,-6.89980217027579,9.92558839135039,4,3609,1,1
aging_implicit,ch_3006,539,103.24,90,0,0,-2.8002,11.899,-0.563902170275794,12.7062883913504,4,3246,1,1
aging_implicit,ch_3006,540,67.859,50,0,0,4.5582,11.203,6.43909782972421,11.0432883913504,4,3568,1,1
aging_implicit,ch_3006,139,56.63,50,0,0,6.307,9.5759,7.16901182457144,9.52197781348688,1,3193,1,0
aging_implicit,ch_3006,140,109.08,90,0,0,-3.7075,10.719,-0.691388175428556,12.3313778134869,1,2510,1,0
aging_implicit,ch_3006,141,144.39,130,0,0,-9.2951,6.6574,-6.86058817542856,9.14937781348688,1,2689,1,0
aging_implicit,ch_3006,142,100.01,90,0,0,-1.9329,10.954,2.42899182457144,11.4426778134869,1,2869,1,0
aging_implicit,ch_3006,143,144.46,130,0,0,-9.2322,6.5949,-7.62278817542856,8.66197781348687,1,5329,1,0
aging_implicit,ch_3006,144,56.42,50,0,0,6.3076,9.5008,7.19291182457144,9.23537781348688,1,2829,1,0
aging_implicit,ch_3006,145,108.76,90,0,0,-3.6939,10.877,-0.191188175428556,12.3313778134869,1,2984,1,0
aging_implicit,ch_3006,146,151.79,130,0,0,-9.8295,5.2726,-9.86218817542855,5.53737781348688,1,2769,1,0
aging_implicit,ch_3006,147,58.055,50,0,0,6.2139,9.9657,6.85941182457144,9.60797781348688,1,2889,1,0
aging_implicit,ch_3006,148,109.54,90,0,0,-3.826,10.783,-0.429388175428556,12.6753778134869,1,2869,1,0
aging_implicit,ch_3006,149,144.35,130,0,0,-9.1908,6.5922,-6.93208817542856,9.69397781348687,1,2829,1,0
aging_implicit,ch_3006,150,53.22,50,0,0,7.0681,9.4551,8.26471182457144,7.94537781348688,1,2889,1,0
aging_implicit,ch_3006,151,144.01,130,0,0,-9.0461,6.5695,-8.93318817542856,9.00597781348688,1,3009,1,0
aging_implicit,ch_3006,152,61.354,50,0,0,5.5533,10.166,5.28731182457144,10.6113778134869,1,2889,1,0
aging_implicit,ch_3006,153,99.739,90,0,0,-1.8693,10.892,-0.429388175428556,12.4459778134869,1,2870,1,0
aging_implicit,ch_3006,154,144.39,130,0,0,-9.1592,6.5609,-7.45608817542856,9.75137781348688,1,2810,1,0
aging_implicit,ch_3006,155,58.159,50,0,0,6.077,9.7857,6.38301182457144,10.2959778134869,1,2870,1,0
aging_implicit,ch_3006,156,104.29,90,0,0,-2.8721,11.275,-1.19158817542856,11.7006778134869,1,2930,1,0
aging_implicit,ch_3006,283,150.78,130,0,0,-10.25,5.7334,-7.71808817542856,7.91667781348688,2,3216,1,0
aging_implicit,ch_3006,284,106.55,90,0,0,-3.2732,11.013,-0.334088175428556,12.2739778134869,2,2909,1,0
aging_implicit,ch_3006,285,51.122,50,0,0,7.1566,8.8764,9.00311182457144,7.77337781348688,2,2969,1,0
aging_implicit,ch_3006,286,63.195,50,0,0,5.2094,10.311,7.14521182457144,10.3246778134869,2,2970,1,0
aging_implicit,ch_3006,287,105.33,90,0,0,-3.0458,11.113,1.14274182457144,13.0196778134869,2,2710,1,0
aging_implicit,ch_3006,288,149.48,130,0,0,-9.6968,5.7168,-6.62238817542856,10.2959778134869,2,2949,1,0
aging_implicit,ch_3006,289,86.99,50,0,0,0.6085,11.571,5.09681182457144,11.4426778134869,2,2940,1,0
aging_implicit,ch_3006,290,89.785,90,0,0,0.0423,11.279,4.76331182457144,11.7579778134869,2,2990,1,0
aging_implicit,ch_3006,291,151.74,130,0,0,-10.054,5.4048,-7.69428817542856,9.26397781348687,2,2809,1,0
aging_implicit,ch_3006,292,107.5,90,0,0,-3.3241,10.545,0.594911824571444,12.1879778134869,2,2849,1,0
aging_implicit,ch_3006,293,145.22,130,0,0,-9.7849,6.7963,-7.09878817542856,10.9553778134869,2,3049,1,0
aging_implicit,ch_3006,294,65.02,50,0,0,4.8892,10.494,6.81181182457144,10.0953778134869,2,2809,1,0
aging_implicit,ch_3006,295,106.17,90,0,0,-3.109,10.721,-0.429388175428556,12.2166778134869,2,2929,1,0
aging_implicit,ch_3006,296,65.878,50,0,0,4.5766,10.221,6.83561182457144,9.86597781348688,2,3089,1,0
aging_implicit,ch_3006,297,145.67,130,0,0,-9.5515,6.5232,-7.45608817542856,9.20667781348688,2,2909,1,0
aging_implicit,ch_3006,298,112.97,90,0,0,-4.5096,10.637,-1.23918817542856,13.1056778134869,2,2989,1,0
aging_implicit,ch_3006,299,53.879,50,0,0,6.7079,9.1917,4.38221182457144,9.72267781348688,2,3182,1,0
aging_implicit,ch_3006,300,145.16,130,0,0,-9.2759,6.4576,-7.47988817542856,9.23537781348688,2,2869,1,0
aging_implicit,ch_3006,427,104.61,90,0,0,-2.8462,10.922,-0.762788175428556,12.2739778134869,3,3198,1,0
aging_implicit,ch_3006,428,75.718,50,0,0,2.8109,11.042,6.76411182457144,10.0093778134869,3,3129,1,0
aging_implicit,ch_3006,429,161.71,130,0,0,-12.39,4.0962,-8.86118817542856,7.77337781348688,3,3849,1,0
aging_implicit,ch_3006,430,62.85,50,0,0,5.2437,10.225,7.74071182457144,8.51867781348687,3,3049,1,0
aging_implicit,ch_3006,431,114.77,90,0,0,-4.8901,10.596,0.666311824571444,12.5319778134869,3,3049,1,0
aging_implicit,ch_3006,432,164.31,130,0,0,-12.365,3.4744,-9.55218817542856,6.11067781348688,3,3409,1,0
aging_implicit,ch_3006,433,127.53,130,0,0,-7.027,9.148,-3.83548817542856,11.2419778134869,3,2809,1,0
aging_implicit,ch_3006,434,80.141,90,0,0,1.9281,11.095,4.33451182457144,11.0986778134869,3,2929,1,0
aging_implicit,ch_3006,435,74.25,50,0,0,3.1767,11.264,4.45361182457144,11.1559778134869,3,4589,1,0
aging_implicit,ch_3006,436,109.72,90,0,0,-3.8517,10.743,-0.667588175428556,11.7293778134869,3,4729,1,0
aging_implicit,ch_3006,437,31.951,50,0,0,10.881,6.7862,10.3370118245714,5.53737781348688,3,4210,1,0
aging_implicit,ch_3006,438,141.57,130,0,0,-9.067,7.1941,-14.6731881754286,2.55601781348688,3,2849,0,0
aging_implicit,ch_3006,439,63.349,50,0,0,5.2877,10.536,6.62121182457144,9.98067781348687,3,3469,1,0
aging_implicit,ch_3006,440,125.92,130,0,0,-6.7066,9.257,-2.64458817542856,11.7006778134869,3,3029,1,0
aging_implicit,ch_3006,441,114.42,90,0,0,-4.7626,10.488,-0.977188175428556,11.9586778134869,3,3089,1,0
aging_implicit,ch_3006,442,155.83,130,0,0,-11.895,5.3388,-7.33698817542856,9.37867781348688,3,3289,1,0
aging_implicit,ch_3006,443,72.674,50,0,0,3.4872,11.178,1.97642182457144,10.5539778134869,3,3540,1,0
aging_implicit,ch_3006,444,110.26,90,0,0,-3.9927,10.819,-0.619888175428556,11.9586778134869,3,3298,1,0
aging_implicit,ch_3006,571,143.12,130,0,0,-9.287,6.9683,-6.16978817542856,9.52197781348688,4,3735,1,0
aging_implicit,ch_3006,572,115.25,90,0,0,-4.9614,10.519,-0.381688175428556,12.2739778134869,4,2810,1,0
aging_implicit,ch_3006,573,114.58,50,0,0,-4.7213,10.323,2.78628182457144,11.9013778134869,4,6767,1,0
aging_implicit,ch_3006,574,65.8,50,0,0,4.7649,10.602,8.38381182457144,7.85937781348688,4,2989,1,0
aging_implicit,ch_3006,575,145.37,130,0,0,-9.9928,6.9022,-5.40758817542856,10.5253778134869,4,3009,1,0
aging_implicit,ch_3006,576,106.57,90,0,0,-3.3125,11.13,1.69058182457144,11.4999778134869,4,2789,1,0
aging_implicit,ch_3006,577,141.69,130,0,0,-9.2537,7.3106,-6.40798817542856,9.92337781348688,4,2869,1,0
aging_implicit,ch_3006,578,66.519,50,0,0,4.6832,10.781,6.88321182457144,9.55067781348687,4,3093,1,0
aging_implicit,ch_3006,579,112.75,90,0,0,-4.5024,10.739,0.833081824571444,12.2739778134869,4,3173,1,0
aging_implicit,ch_3006,580,141.81,130,0,0,-9.0603,7.1268,-5.38378817542856,10.2959778134869,4,2932,1,0
aging_implicit,ch_3006,581,104.6,90,0,0,-2.9365,11.272,0.880721824571444,12.6466778134869,4,3124,1,0
aging_implicit,ch_3006,582,67.748,50,0,0,4.4899,10.974,5.09681182457144,8.74797781348688,4,3470,1,0
aging_implicit,ch_3006,583,144.51,130,0,0,-9.5156,6.7843,-6.36038817542856,10.1526778134869,4,3029,1,0
aging_implicit,ch_3006,584,73.734,50,0,0,3.3072,11.335,6.38301182457144,10.1239778134869,4,3130,1,0
aging_implicit,ch_3006,585,113.7,90,0,0,-4.6291,10.548,-0.786588175428556,11.9013778134869,4,3206,1,0
aging_implicit,ch_3006,586,133.44,130,0,0,-7.7893,8.2241,-6.90818817542856,9.46467781348688,4,3121,1,0
aging_implicit,ch_3006,587,99.771,90,0,0,-1.9814,11.506,-0.691388175428556,12.3599778134869,4,3427,1,0
aging_implicit,ch_3006,588,64.684,50,0,0,4.9859,10.54,6.71651182457144,10.7259778134869,4,3217,1,0
aging_implicit,bb_2906,91,112.79,90,0,0,-4.6758,11.131,-1.59675399190983,12.6925311174556,1,4427,1,1
aging_implicit,bb_2906,92,151.6,130,0,0,-10.656,5.7608,-8.50445399190983,8.82253111745564,1,3449,1,1
aging_implicit,bb_2906,93,76.71,50,0,0,2.7691,11.723,4.69154600809017,11.3452311174556,1,4160,1,1
aging_implicit,bb_2906,94,83.253,50,0,0,1.4113,11.929,4.71534600809017,11.0299311174556,1,3874,1,1
aging_implicit,bb_2906,95,144.98,130,0,0,-9.975,6.9897,-8.05185399190983,8.33523111745565,1,2969,1,1
aging_implicit,bb_2906,96,106.5,90,0,0,-3.444,11.625,-0.739253991909828,12.2052311174556,1,3390,1,1
aging_implicit,bb_2906,97,112.53,90,0,0,-4.65,11.209,-0.786953991909828,11.8612311174556,1,3362,1,1
aging_implicit,bb_2906,98,148.7,130,0,0,-10.361,6.3006,-7.36115399190983,9.36723111745565,1,3148,1,1
aging_implicit,bb_2906,99,82.144,50,0,0,1.6612,12.039,4.28664600809017,10.8865311174556,1,3256,1,1
aging_implicit,bb_2906,100,90.138,50,0,0,-0.0291,12.097,4.45334600809017,11.1732311174556,1,3896,1,1
aging_implicit,bb_2906,101,115.54,90,0,0,-5.2243,10.932,-2.81155399190983,12.4919311174556,1,5968,1,1
aging_implicit,bb_2906,102,144.95,130,0,0,-9.9824,7.0029,-7.43255399190983,9.85453111745564,1,3264,1,1
aging_implicit,bb_2906,103,108.91,90,0,0,-3.9077,11.405,-1.21565399190983,11.8612311174556,1,3094,1,1
aging_implicit,bb_2906,104,83.642,50,0,0,1.3475,12.093,4.73914600809017,10.5999311174556,1,3649,1,1
aging_implicit,bb_2906,105,141.75,130,0,0,-9.569,7.5434,-7.26585399190983,10.2559311174556,1,3214,1,1
aging_implicit,bb_2906,106,74.78,50,0,0,3.1534,11.59,5.50134600809017,10.3419311174556,1,2870,1,1
aging_implicit,bb_2906,107,144.72,130,0,0,-9.9577,7.0443,-7.67075399190983,9.96923111745565,1,3170,1,1
aging_implicit,bb_2906,108,103.38,90,0,0,-2.8235,11.868,0.523126008090172,11.7465311174556,1,3139,1,1
aging_implicit,bb_2906,235,109.77,90,0,0,-4.0927,11.385,0.070556008090172,12.5492311174556,2,5757,1,1
aging_implicit,bb_2906,236,167.78,130,0,0,-11.74,2.5423,-8.31385399190983,7.96253111745564,2,3672,1,1
aging_implicit,bb_2906,237,61.536,50,0,0,5.8658,10.82,8.21684600809017,8.10593111745564,2,3964,1,1
aging_implicit,bb_2906,238,107.68,90,0,0,-3.6583,11.477,-0.358153991909828,12.1765311174556,2,3766,1,1
aging_implicit,bb_2906,239,78.427,50,0,0,2.4434,11.932,4.92974600809017,10.9439311174556,2,4128,1,1
aging_implicit,bb_2906,240,151.88,130,0,0,-10.597,5.6632,-8.69495399190983,8.22053111745564,2,3509,1,1
aging_implicit,bb_2906,241,153.79,130,0,0,-10.775,5.3044,-9.12335399190983,7.44653111745564,2,3489,1,1
aging_implicit,bb_2906,242,112.35,90,0,0,-4.565,11.104,-0.739253991909828,12.2912311174556,2,4165,1,1
aging_implicit,bb_2906,243,56.813,50,0,0,6.6258,10.13,9.36014600809017,7.41793111745564,2,3903,1,1
aging_implicit,bb_2906,244,148.88,130,0,0,-10.317,6.2285,-8.12335399190983,8.93723111745565,2,3729,1,1
aging_implicit,bb_2906,245,101.66,90,0,0,-2.4324,11.787,-0.382053991909828,12.9792311174556,2,3589,1,1
aging_implicit,bb_2906,246,61.092,50,0,0,5.8862,10.659,8.62174600809017,7.64723111745564,2,3572,1,1
aging_implicit,bb_2906,247,62.968,50,0,0,5.5327,10.843,8.93134600809017,7.73323111745564,2,3476,1,1
aging_implicit,bb_2906,248,111.05,90,0,0,-4.3596,11.326,-1.14425399190983,12.8072311174556,2,3449,1,1
aging_implicit,bb_2906,249,151.42,130,0,0,-10.609,5.78,-8.24245399190983,7.27453111745564,2,3752,1,1
aging_implicit,bb_2906,250,149.93,130,0,0,-10.506,6.0827,-8.31385399190983,7.81923111745564,2,3769,1,1
aging_implicit,bb_2906,251,80.99,50,0,0,1.8832,11.877,5.59664600809017,11.0012311174556,2,3849,1,1
aging_implicit,bb_2906,252,108.09,90,0,0,-3.7686,11.535,-0.405853991909828,12.1765311174556,2,3164,1,1
aging_implicit,bb_2906,379,86.935,50,0,0,0.6468,12.081,5.04884600809017,10.9439311174556,3,5311,1,1
aging_implicit,bb_2906,380,107.39,90,0,0,-3.6527,11.66,-0.501153991909828,12.4919311174556,3,3833,1,1
aging_implicit,bb_2906,381,158.52,130,0,0,-11.288,4.4427,-8.14715399190983,8.19193111745565,3,4021,1,1
aging_implicit,bb_2906,382,81.267,50,0,0,1.8521,12.057,4.38184600809017,10.3132311174556,3,4011,1,1
aging_implicit,bb_2906,383,109.98,90,0,0,-4.1346,11.372,-0.453453991909828,12.8645311174556,3,3650,1,1
aging_implicit,bb_2906,384,155.33,130,0,0,-10.917,5.0154,-8.17095399190983,8.90853111745565,3,3310,1,1
aging_implicit,bb_2906,385,154.72,130,0,0,-10.925,5.1592,-7.74225399190983,8.93723111745565,3,3549,1,1
aging_implicit,bb_2906,386,110.22,90,0,0,-4.1653,11.31,-0.310553991909828,12.1479311174556,3,3769,1,1
aging_implicit,bb_2906,387,69.89,50,0,0,4.2031,11.479,7.35934600809017,9.71123111745564,3,3553,1,1
aging_implicit,bb_2906,388,149.77,130,0,0,-10.522,6.1327,-8.05185399190983,8.85123111745564,3,3389,1,1
aging_implicit,bb_2906,389,110.33,90,0,0,-4.1823,11.288,-0.596353991909828,12.3772311174556,3,3629,1,1
aging_implicit,bb_2906,390,86.224,50,0,0,0.7998,12.119,3.97694600809017,11.3739311174556,3,4325,1,1
aging_implicit,bb_2906,391,110.82,90,0,0,-4.3379,11.408,-0.834553991909828,12.4059311174556,3,3209,1,1
aging_implicit,bb_2906,392,153.82,130,0,0,-10.791,5.3041,-7.95655399190983,9.13793111745564,3,3589,1,1
aging_implicit,bb_2906,393,77.141,50,0,0,2.7028,11.84,5.04884600809017,10.4279311174556,3,3691,1,1
aging_implicit,bb_2906,394,80.331,50,0,0,2.0178,11.843,5.28704600809017,10.4852311174556,3,3395,1,1
aging_implicit,bb_2906,395,153.06,130,0,0,-10.802,5.4901,-8.00425399190983,8.70793111745564,3,3629,1,1
aging_implicit,bb_2906,396,110.09,90,0,0,-4.1619,11.377,-0.334353991909828,12.6065311174556,3,3829,1,1
aging_implicit,bb_2906,523,154.95,130,0,0,-10.968,5.1253,-6.88475399190983,9.71123111745564,4,4198,1,1
aging_implicit,bb_2906,524,59.633,50,0,0,6.1169,10.44,8.93134600809017,7.81923111745564,4,4416,1,1
aging_implicit,bb_2906,525,104.82,90,0,0,-3.0774,11.628,0.094376008090172,11.7179311174556,4,3816,1,1
aging_implicit,bb_2906,526,69.544,50,0,0,4.2224,11.32,8.05004600809017,8.16323111745564,4,4184,1,1
aging_implicit,bb_2906,527,153.11,130,0,0,-10.764,5.4577,-7.81365399190983,8.70793111745564,4,3969,1,1
aging_implicit,bb_2906,528,109.06,90,0,0,-3.9446,11.414,0.308756008090172,12.0619311174556,4,4582,1,1
aging_implicit,bb_2906,529,85.854,50,0,0,0.8715,12.023,4.11984600809017,11.0012311174556,4,3644,1,1
aging_implicit,bb_2906,530,158.57,130,0,0,-11.256,4.4175,-8.26625399190983,8.27793111745564,4,3590,1,1
aging_implicit,bb_2906,531,101.96,90,0,0,-2.5039,11.822,-0.0723539919098279,11.8039311174556,4,3670,1,1
aging_implicit,bb_2906,532,77.705,50,0,0,2.5763,11.821,5.57284600809017,9.91193111745564,4,3889,1,1
aging_implicit,bb_2906,533,110.44,90,0,0,-4.2258,11.336,-0.644053991909828,11.7179311174556,4,3634,1,1
aging_implicit,bb_2906,534,154.99,130,0,0,-10.98,5.1215,-7.86135399190983,8.73653111745564,4,3529,1,1
aging_implicit,bb_2906,535,161.53,130,0,0,-11.588,3.8696,-7.43255399190983,8.07723111745564,4,3429,1,1
aging_implicit,bb_2906,536,114.67,90,0,0,-5.0288,10.951,1.19007600809017,12.0619311174556,4,3610,1,1
aging_implicit,bb_2906,537,76.283,50,0,0,2.8618,11.724,7.33544600809017,8.99453111745564,4,3978,1,1
aging_implicit,bb_2906,538,80.161,50,0,0,2.0653,11.909,6.38274600809017,10.0552311174556,4,4024,1,1
aging_implicit,bb_2906,539,113.28,90,0,0,-4.7591,11.061,-0.262953991909828,11.9185311174556,4,4846,1,1
aging_implicit,bb_2906,540,151.82,130,0,0,-10.602,5.6786,-6.81325399190983,9.02323111745564,4,3829,1,1
aging_implicit,bb_2906,139,112,90,0,0,-4.16,10.296,-0.629931874291966,12.1937798097152,1,3952,1,0
aging_implicit,bb_2906,140,151.85,130,0,0,-9.9232,5.3096,-9.27643187429197,8.61077980971515,1,2669,1,0
aging_implicit,bb_2906,141,76.151,50,0,0,2.6845,10.889,5.30116812570803,10.5314798097152,1,2816,1,0
aging_implicit,bb_2906,142,83.051,50,0,0,1.3629,11.182,4.22926812570803,10.7894798097152,1,2789,1,0
aging_implicit,bb_2906,143,145.78,130,0,0,-9.4472,6.4248,-8.08543187429196,8.95477980971515,1,3469,1,0
aging_implicit,bb_2906,144,105.64,90,0,0,-3.0646,10.945,-0.439331874291966,12.1657798097152,1,2935,1,0
aging_implicit,bb_2906,145,112.13,90,0,0,-4.2525,10.454,0.346678125708034,12.5667798097152,1,3569,1,0
aging_implicit,bb_2906,146,150.03,130,0,0,-9.6947,5.5901,-7.56133187429197,10.3020798097152,1,2472,1,0
aging_implicit,bb_2906,147,79.838,50,0,0,2.0387,11.373,4.65796812570803,11.4777798097151,1,3003,1,0
aging_implicit,bb_2906,148,86.785,50,0,0,0.6495,11.562,4.84856812570803,10.9900798097151,1,2878,1,0
aging_implicit,bb_2906,149,114.54,90,0,0,-4.7025,10.3,-0.225031874291966,12.5377798097152,1,2791,1,0
aging_implicit,bb_2906,150,143.9,130,0,0,-9.1886,6.6996,-7.68043187429197,9.18407980971515,1,2609,1,0
aging_implicit,bb_2906,151,108.19,90,0,0,-3.4831,10.598,-0.534631874291966,12.3087798097152,1,2708,1,0
aging_implicit,bb_2906,152,81.035,50,0,0,1.8057,11.447,5.96806812570803,10.0440798097152,1,2929,1,0
aging_implicit,bb_2906,153,143.51,130,0,0,-9.2056,6.8098,-7.25173187429196,9.87207980971515,1,2629,1,0
aging_implicit,bb_2906,154,76.112,50,0,0,2.6647,10.777,7.37336812570804,8.75407980971515,1,2660,1,0
aging_implicit,bb_2906,155,145.67,130,0,0,-9.3379,6.3768,-7.25173187429196,9.78607980971515,1,2609,1,0
aging_implicit,bb_2906,156,102.57,90,0,0,-2.4587,11.024,0.703968125708034,12.2227798097152,1,2698,1,0
aging_implicit,bb_2906,283,108.96,90,0,0,-3.6541,10.636,-1.05863187429197,11.8787798097151,2,3514,1,0
aging_implicit,bb_2906,284,167.37,130,0,0,-10.967,2.4573,-9.15743187429197,7.55007980971515,2,2558,1,0
aging_implicit,bb_2906,285,60.961,50,0,0,5.5678,10.029,8.56436812570803,7.92277980971515,2,3056,1,0
aging_implicit,bb_2906,286,107.24,90,0,0,-3.3198,10.7,-0.558431874291966,12.2227798097152,2,2629,1,0
aging_implicit,bb_2906,287,77.646,50,0,0,2.4536,11.203,5.22966812570803,11.3917798097151,2,2820,1,0
aging_implicit,bb_2906,288,151.94,130,0,0,-9.7924,5.2206,-8.27593187429196,8.26677980971515,2,2531,1,0
aging_implicit,bb_2906,289,153.4,130,0,0,-9.9552,4.985,-8.20453187429196,8.66807980971515,2,2489,1,0
aging_implicit,bb_2906,290,110.16,90,0,0,-3.8293,10.427,1.44236812570803,11.4777798097151,2,2529,1,0
aging_implicit,bb_2906,291,58.072,50,0,0,5.9515,9.5512,9.66006812570803,7.43547980971515,2,2689,1,0
aging_implicit,bb_2906,292,148.22,130,0,0,-9.7014,6.0096,-8.65703187429196,8.35277980971515,2,2629,1,0
aging_implicit,bb_2906,293,101.53,90,0,0,-2.2183,10.878,1.06125912570803,12.0797798097152,2,2566,1,0
aging_implicit,bb_2906,294,61.263,50,0,0,5.4501,9.9397,9.30276812570803,7.34947980971515,2,4016,1,0
aging_implicit,bb_2906,295,64.474,50,0,0,4.8716,10.202,8.56436812570803,8.00877980971515,2,2689,1,0
aging_implicit,bb_2906,296,110.59,90,0,0,-3.9642,10.55,-0.225031874291966,12.6817798097152,2,2669,1,0
aging_implicit,bb_2906,297,150.64,130,0,0,-9.861,5.5465,-7.91863187429196,8.32407980971515,2,2524,1,0
aging_implicit,bb_2906,298,151.07,130,0,0,-9.7974,5.4142,-7.58523187429197,8.86877980971515,2,2989,1,0
aging_implicit,bb_2906,299,79.281,50,0,0,2.0866,11.023,6.01566812570803,10.6460798097152,2,2649,1,0
aging_implicit,bb_2906,300,108.88,90,0,0,-3.636,10.635,1.89493812570803,11.6777798097152,2,2658,1,0
aging_implicit,bb_2906,427,85.234,50,0,0,0.9532,11.434,4.37216812570803,11.5637798097152,3,3521,1,0
aging_implicit,bb_2906,428,106.96,90,0,0,-3.3523,10.992,-0.344131874291966,11.6207798097152,3,2787,1,0
aging_implicit,bb_2906,429,157.2,130,0,0,-10.406,4.3731,-8.80003187429197,8.23807980971515,3,2589,1,0
aging_implicit,bb_2906,430,80.626,50,0,0,1.8783,11.378,5.13436812570803,10.4454798097152,3,2769,1,0
aging_implicit,bb_2906,431,110.66,90,0,0,-4.0192,10.661,0.0370281257080344,12.2517798097152,3,2889,1,0
aging_implicit,bb_2906,432,156.48,130,0,0,-10.162,4.423,-8.84763187429196,8.18077980971515,3,2789,1,0
aging_implicit,bb_2906,433,153.63,130,0,0,-10.022,4.9686,-8.63323187429197,8.32407980971515,3,2709,1,0
aging_implicit,bb_2906,434,109.31,90,0,0,-3.7183,10.611,0.132298125708034,12.4807798097152,3,3565,1,0
aging_implicit,bb_2906,435,68.246,50,0,0,4.3312,10.854,8.51676812570803,8.26677980971515,3,2783,1,0
aging_implicit,bb_2906,436,147.95,130,0,0,-9.8057,6.1402,-8.65703187429196,8.00877980971515,3,2689,1,0
aging_implicit,bb_2906,437,110.35,90,0,0,-3.8575,10.401,0.299038125708034,11.8787798097151,3,2669,1,0
aging_implicit,bb_2906,438,82.664,50,0,0,1.4969,11.628,5.65836812570803,10.9327798097152,3,2929,1,0
aging_implicit,bb_2906,439,109.55,90,0,0,-3.8167,10.747,0.656328125708034,11.5057798097152,3,2953,1,0
aging_implicit,bb_2906,440,151.86,130,0,0,-9.8415,5.2627,-7.87103187429197,8.12347980971515,3,2689,1,0
aging_implicit,bb_2906,441,74.34,50,0,0,3.1092,11.091,7.73066812570803,8.86877980971515,3,2934,1,0
aging_implicit,bb_2906,442,78.219,50,0,0,2.2831,10.947,6.44446812570803,9.90077980971515,3,2701,1,0
aging_implicit,bb_2906,443,151.17,130,0,0,-9.8768,5.4374,-7.89483187429196,8.66807980971515,3,2590,1,0
aging_implicit,bb_2906,444,109.01,90,0,0,-3.686,10.698,0.918338125708034,12.0507798097152,3,2550,1,0
aging_implicit,bb_2906,571,153.64,130,0,0,-10.188,5.0483,-8.06163187429197,8.09477980971515,4,3424,1,0
aging_implicit,bb_2906,572,60.833,50,0,0,5.5395,9.9253,9.25516812570804,7.46407980971515,4,2902,1,0
aging_implicit,bb_2906,573,104.61,90,0,0,-2.8462,10.922,0.703968125708034,11.8787798097151,4,2828,1,0
aging_implicit,bb_2906,574,69.544,50,0,0,3.8836,10.412,7.96886812570803,8.95477980971515,4,2800,1,0
aging_implicit,bb_2906,575,152.17,130,0,0,-9.886,5.2195,-8.32363187429197,8.35277980971515,4,2570,1,0
aging_implicit,bb_2906,576,108.28,90,0,0,-3.5271,10.676,0.465778125708034,12.3377798097152,4,3309,1,0
aging_implicit,bb_2906,577,82.701,50,0,0,1.4645,11.434,5.58696812570803,10.3880798097152,4,2949,1,0
aging_implicit,bb_2906,578,157.42,130,0,0,-10.557,4.3904,-8.70473187429197,7.95147980971515,4,2669,1,0
aging_implicit,bb_2906,579,101.99,90,0,0,-2.367,11.145,3.01446812570803,11.6777798097152,4,2689,1,0
aging_implicit,bb_2906,580,75.953,50,0,0,2.7427,10.962,7.30196812570803,9.44207980971515,4,2869,1,0
aging_implicit,bb_2906,581,109.65,90,0,0,-3.7614,10.534,-1.63033187429197,12.2227798097152,4,2569,1,0
aging_implicit,bb_2906,582,155.5,130,0,0,-10.195,4.6467,-8.08543187429196,8.61077980971515,4,2767,1,0
aging_implicit,bb_2906,583,158.59,130,0,0,-10.773,4.223,-8.37123187429196,8.06607980971515,4,2689,1,0
aging_implicit,bb_2906,584,113.27,90,0,0,-4.4546,10.358,1.27563812570803,11.8497798097151,4,2826,1,0
aging_implicit,bb_2906,585,74.534,50,0,0,2.9831,10.782,7.68306812570803,8.63947980971515,4,2888,1,0
aging_implicit,bb_2906,586,78.163,50,0,0,2.3531,11.227,6.06336812570803,10.1300798097152,4,2688,1,0
aging_implicit,bb_2906,587,113.93,90,0,0,-4.5094,10.162,1.37090812570803,12.1367798097152,4,2609,1,0
aging_implicit,bb_2906,588,153.5,130,0,0,-10.092,5.0312,-7.34703187429196,9.24147980971515,4,2769,1,0
aging_implicit,af_0111,91,141.18,130,0,0,-9.389,7.554,-9.51032331109306,6.09232476444158,1,7127,1,1
aging_implicit,af_0111,92,78.783,50,0,0,2.3871,12.037,6.73417668890694,9.50362476444158,1,3268,1,1
aging_implicit,af_0111,93,109.21,90,0,0,-4.07,11.682,-2.91272331109306,11.4533247644416,1,2904,1,1
aging_implicit,af_0111,94,90.924,50,0,0,-0.2003,12.422,8.87787668890694,7.86962476444158,1,5046,1,1
aging_implicit,af_0111,95,139.19,130,0,0,-9.3532,8.0765,-9.74932331109306,6.98102476444158,1,3528,1,1
aging_implicit,af_0111,96,108.67,90,0,0,-4.0641,12.025,-3.31772331109306,11.4813247644416,1,3368,1,1
aging_implicit,af_0111,97,139.56,130,0,0,-9.356,7.9729,-9.10532331109306,5.92032476444158,1,2800,1,1
aging_implicit,af_0111,98,70.832,50,0,0,4.201,12.086,9.23517668890694,7.89832476444158,1,3030,1,1
aging_implicit,af_0111,99,99.848,90,0,0,-2.1368,12.31,-0.0306233110930576,12.3133247644416,1,2759,1,1
aging_implicit,af_0111,100,139.56,130,0,0,-9.3863,7.9986,-12.1313233110931,5.34702476444158,1,2905,1,1
aging_implicit,af_0111,101,148.64,90,0,0,-10.941,6.6672,-5.53292331109306,10.5073247644416,1,3249,1,1
aging_implicit,af_0111,102,47.021,50,0,0,8.654,9.2872,10.9501766889069,4.77362476444158,1,2949,1,1
aging_implicit,af_0111,103,120.41,130,0,0,-6.2093,10.579,-4.03222331109306,11.0233247644416,1,2789,1,1
aging_implicit,af_0111,104,81.995,50,0,0,1.7642,12.545,2.92301668890694,11.9693247644416,1,2769,1,1
aging_implicit,af_0111,105,97.63,90,0,0,-1.6122,12.034,-1.05482331109306,12.6853247644416,1,2549,1,1
aging_implicit,af_0111,106,116.47,90,0,0,-5.6439,11.333,-17.3233233110931,-12.2256752355584,1,2509,0,1
aging_implicit,af_0111,107,58.776,50,0,0,6.3052,10.401,10.5928766889069,5.86302476444158,1,2509,1,1
aging_implicit,af_0111,108,124.34,130,0,0,-6.8802,10.069,-10.7253233110931,5.17502476444158,1,2449,1,1
aging_implicit,af_0111,235,69.8,50,0,0,4.1829,11.368,7.37727668890694,8.84432476444158,2,5512,1,1
aging_implicit,af_0111,236,110.61,90,0,0,-4.2857,11.395,-3.57972331109306,10.9943247644416,2,2669,1,1
aging_implicit,af_0111,237,130.51,130,0,0,-8.0764,9.4524,-9.98732331109306,5.74832476444158,2,2709,1,1
aging_implicit,af_0111,238,94.906,90,0,0,-1.0485,12.216,-0.292623311093057,12.7143247644416,2,2509,1,1
aging_implicit,af_0111,239,135.47,130,0,0,-8.7472,8.6044,-10.4633233110931,5.57632476444158,2,2429,1,1
aging_implicit,af_0111,240,85.663,50,0,0,0.9403,12.4,3.01827668890694,11.4813247644416,2,2669,1,1
aging_implicit,af_0111,241,106.51,130,0,0,-3.5383,11.937,-17.3233233110931,-12.2256752355584,2,2769,0,1
aging_implicit,af_0111,242,78.078,50,0,0,2.562,12.134,4.01867668890694,10.9653247644416,2,2729,1,1
aging_implicit,af_0111,243,107.02,90,0,0,-3.5297,11.53,-4.05612331109306,11.7973247644416,2,2690,1,1
aging_implicit,af_0111,244,118.75,130,0,0,-6.182,11.269,-9.77232331109306,6.63702476444158,2,2570,1,1
aging_implicit,af_0111,245,100.26,90,0,0,-2.1881,12.088,-2.53162331109306,11.8253247644416,2,2719,1,1
aging_implicit,af_0111,246,92.863,50,0,0,-0.5999,11.997,2.97067668890694,11.7113247644416,2,2745,1,1
aging_implicit,af_0111,247,124.04,130,0,0,-6.7761,10.03,-9.41532331109306,7.43962476444158,2,2589,1,1
aging_implicit,af_0111,248,80.034,50,0,0,2.0784,11.829,5.23347668890694,10.5643247644416,2,2690,1,1
aging_implicit,af_0111,249,109.92,90,0,0,-4.2063,11.605,-3.88932331109306,11.3093247644416,2,2509,1,1
aging_implicit,af_0111,250,113.89,130,0,0,-4.9344,11.142,-7.81952331109306,9.15962476444158,2,2469,1,1
aging_implicit,af_0111,251,79.973,90,0,0,2.1883,12.376,4.13777668890694,11.5103247644416,2,2489,1,1
aging_implicit,af_0111,252,86.287,50,0,0,0.8274,12.75,3.66137668890694,11.5103247644416,2,2509,1,1
aging_implicit,af_0111,379,80.401,50,0,0,2.081,12.304,6.92467668890694,9.47502476444158,3,4928,1,1
aging_implicit,af_0111,380,109.01,90,0,0,-4.0157,11.656,-3.31772331109306,11.3673247644416,3,2750,1,1
aging_implicit,af_0111,381,130.09,130,0,0,-7.9132,9.4007,-9.41532331109306,7.41102476444158,3,2749,1,1
aging_implicit,af_0111,382,116.13,130,0,0,-5.4231,11.054,-5.41382331109306,10.7073247644416,3,2729,1,1
aging_implicit,af_0111,383,98.382,90,0,0,-1.8146,12.315,-0.578423311093057,11.8543247644416,3,2689,1,1
aging_implicit,af_0111,384,82.97,50,0,0,1.5459,12.536,2.85156668890694,11.4533247644416,3,2709,1,1
aging_implicit,af_0111,385,59.58,50,0,0,6.5283,11.118,10.7119766889069,5.71962476444158,3,2649,1,1
aging_implicit,af_0111,386,107.36,90,0,0,-3.5881,11.479,-4.86592331109306,11.3383247644416,3,2389,1,1
aging_implicit,af_0111,387,117.92,130,0,0,-5.897,11.126,-10.1303233110931,6.57962476444158,3,2569,1,1
aging_implicit,af_0111,388,89.856,90,0,0,0.0321,12.793,-0.316423311093057,11.8833247644416,3,2529,1,1
aging_implicit,af_0111,389,81.233,50,0,0,1.845,11.963,4.37597668890694,11.1373247644416,3,2509,1,1
aging_implicit,af_0111,390,108.74,130,0,0,-4.0139,11.834,-4.10372331109306,11.6253247644416,3,2569,1,1
aging_implicit,af_0111,391,118.29,130,0,0,-5.9285,11.014,-9.70132331109306,7.15302476444158,3,2329,1,1
aging_implicit,af_0111,392,82.546,50,0,0,1.5663,11.972,-13.8933233110931,-6.54967523555842,3,2509,0,1
aging_implicit,af_0111,393,108.05,90,0,0,-3.9559,12.14,-4.48482331109306,10.5353247644416,3,2680,1,1
aging_implicit,af_0111,394,74.859,90,0,0,3.2049,11.844,4.78097668890694,10.6793247644416,3,2449,1,1
aging_implicit,af_0111,395,78.194,50,0,0,2.6437,12.648,3.99487668890694,10.8793247644416,3,2549,1,1
aging_implicit,af_0111,396,112.11,130,0,0,-4.7847,11.776,-4.58012331109306,11.3953247644416,3,2410,1,1
aging_implicit,af_0111,523,133.52,130,0,0,-8.3052,8.7472,-9.29632331109306,7.43962476444158,4,3350,1,1
aging_implicit,af_0111,524,99.733,90,0,0,-2.1164,12.338,0.564876688906943,12.2553247644416,4,2530,1,1
aging_implicit,af_0111,525,91.315,50,0,0,-0.2839,12.367,3.99487668890694,11.0513247644416,4,2709,1,1
aging_implicit,af_0111,526,84.772,50,0,0,1.1605,12.683,3.78047668890694,11.7113247644416,4,2689,1,1
aging_implicit,af_0111,527,134.53,130,0,0,-9.0356,9.1838,-9.96332331109306,6.12102476444158,4,2529,1,1
aging_implicit,af_0111,528,93.7,90,0,0,-0.834,12.897,-1.29302331109306,11.9973247644416,4,2649,1,1
aging_implicit,af_0111,529,130.37,130,0,0,-8.1446,9.58,-9.98732331109306,6.23562476444158,4,2609,1,1
aging_implicit,af_0111,530,96.238,90,0,0,-1.3562,12.407,-0.00672331109305757,12.7713247644416,4,2569,1,1
aging_implicit,af_0111,531,87.531,50,0,0,0.5494,12.74,-13.7033233110931,-6.66437523555842,4,2609,0,1
aging_implicit,af_0111,532,111.1,90,0,0,-4.5656,11.83,-4.74682331109306,11.5393247644416,4,2549,1,1
aging_implicit,af_0111,533,65.237,50,0,0,5.3724,11.647,10.7357766889069,5.37562476444158,4,2549,1,1
aging_implicit,af_0111,534,106.99,130,0,0,-3.5813,11.72,-3.67492331109306,11.8543247644416,4,2429,1,1
aging_implicit,af_0111,535,107.15,90,0,0,-3.8056,12.329,-4.36572331109306,11.1663247644416,4,2509,1,1
aging_implicit,af_0111,536,119.97,130,0,0,-6.2625,10.861,-10.0343233110931,6.20702476444158,4,2449,1,1
aging_implicit,af_0111,537,82.021,50,0,0,1.7332,12.365,3.82817668890694,10.9653247644416,4,2589,1,1
aging_implicit,af_0111,538,101.69,90,0,0,-2.4741,11.953,-3.81792331109306,11.3953247644416,4,2489,1,1
aging_implicit,af_0111,539,73.4,50,0,0,3.5884,12.037,7.56777668890694,8.84432476444158,4,2649,1,1
aging_implicit,af_0111,540,118.68,130,0,0,-5.927,10.835,-9.22532331109306,8.27102476444158,4,3578,1,1
aging_implicit,af_0111,139,143.06,130,0,0,-9.0371,6.7958,-9.64367317302593,5.50965228246963,1,3343,1,0
aging_implicit,af_0111,140,79.546,50,0,0,2.0732,11.237,7.48252682697407,9.00695228246963,1,2649,1,0
aging_implicit,af_0111,141,109.24,90,0,0,-3.7926,10.864,-3.90317317302593,11.3579522824696,1,2717,1,0
aging_implicit,af_0111,142,88.849,50,0,0,0.2359,11.746,3.57612682697407,11.5299522824696,1,2390,1,0
aging_implicit,af_0111,143,139.23,130,0,0,-8.8374,7.6206,-10.4773731730259,5.68165228246963,1,2490,1,0
aging_implicit,af_0111,144,107.85,90,0,0,-3.6777,11.42,-3.71257317302593,10.8419522824696,1,2478,1,0
aging_implicit,af_0111,145,139.97,130,0,0,-8.713,7.3189,-10.3105731730259,6.42695228246963,1,2469,1,0
aging_implicit,af_0111,146,73.426,50,0,0,3.4747,11.675,10.0549268269741,6.19765228246963,1,2490,1,0
aging_implicit,af_0111,147,101.19,90,0,0,-2.315,11.698,1.43242682697407,12.0169522824696,1,2449,1,0
aging_implicit,af_0111,148,139.37,130,0,0,-8.8504,7.595,-10.0962731730259,6.62765228246963,1,2570,1,0
aging_implicit,af_0111,149,146.2,90,0,0,-10.128,6.7785,-5.40377317302593,10.6409522824696,1,2649,1,0
aging_implicit,af_0111,150,49.434,50,0,0,7.7951,9.1057,10.4119268269741,5.42365228246963,1,2449,1,0
aging_implicit,af_0111,151,122.53,130,0,0,-6.2264,9.7624,-10.3820731730259,6.74225228246963,1,2529,1,0
aging_implicit,af_0111,152,82.926,50,0,0,1.4801,11.927,6.83942682697407,9.75195228246963,1,2589,1,0
aging_implicit,af_0111,153,99.798,90,0,0,-1.9398,11.232,-0.234983173025929,11.9599522824696,1,2509,1,0
aging_implicit,af_0111,154,116.2,90,0,0,-5.2671,10.706,-4.59397317302593,11.3289522824696,1,2549,1,0
aging_implicit,af_0111,155,61.911,50,0,0,5.4601,10.231,10.6029268269741,5.19425228246963,1,2449,1,0
aging_implicit,af_0111,156,126.68,130,0,0,-6.8361,9.1772,-10.5964731730259,6.85695228246963,1,2509,1,0
aging_implicit,af_0111,283,65.681,50,0,0,4.8354,10.7,6.48212682697407,10.1539522824696,2,15388,1,0
aging_implicit,af_0111,284,107.4,90,0,0,-3.506,11.186,-4.09377317302593,11.6159522824696,2,2529,1,0
aging_implicit,af_0111,285,127.65,130,0,0,-7.4673,9.6791,-9.78657317302593,6.82825228246963,2,2625,1,0
aging_implicit,af_0111,286,93.45,90,0,0,-0.6816,11.305,-0.234983173025929,11.5869522824696,2,2911,1,0
aging_implicit,af_0111,287,133.1,130,0,0,-7.9599,8.5062,-9.23877317302593,7.02895228246963,2,2658,1,0
aging_implicit,af_0111,288,83.924,50,0,0,1.2203,11.464,4.33832682697407,11.5009522824696,2,2593,1,0
aging_implicit,af_0111,289,109.49,130,0,0,-3.9232,11.086,-4.21287317302593,11.9309522824696,2,2518,1,0
aging_implicit,af_0111,290,79.506,50,0,0,2.106,11.369,4.52892682697407,11.1569522824696,2,2329,1,0
aging_implicit,af_0111,291,104.76,90,0,0,-2.948,11.192,-4.83217317302593,10.6979522824696,2,2270,1,0
aging_implicit,af_0111,292,120.4,130,0,0,-6.113,10.42,-10.3105731730259,6.68495228246963,2,2309,1,0
aging_implicit,af_0111,293,100.8,90,0,0,-2.1663,11.355,-4.23667317302593,7.68825228246963,2,2269,1,0
aging_implicit,af_0111,294,92.219,50,0,0,-0.5,12.906,4.48122682697407,11.1279522824696,2,3469,1,0
aging_implicit,af_0111,295,124.72,130,0,0,-6.7255,9.7064,-10.2391731730259,7.17225228246963,2,2509,1,0
aging_implicit,af_0111,296,80.521,50,0,0,1.8525,11.095,7.02992682697407,10.0389522824696,2,2389,1,0
aging_implicit,af_0111,297,105.56,90,0,0,-3.3424,12,-17.4800731730259,-12.2350477175304,2,2429,0,0
aging_implicit,af_0111,298,114.36,130,0,0,-4.715,10.415,-9.42927317302593,7.37295228246963,2,2449,1,0
aging_implicit,af_0111,299,83.187,90,0,0,1.4633,12.248,3.81432682697407,11.4719522824696,2,2409,1,0
aging_implicit,af_0111,300,85.473,50,0,0,0.9761,12.329,4.14782682697407,11.2719522824696,2,2504,1,0
aging_implicit,af_0111,427,78.383,50,0,0,2.3756,11.556,6.67262682697407,10.1539522824696,3,2848,1,0
aging_implicit,af_0111,428,108.55,90,0,0,-3.6997,11.027,-2.68837317302593,11.1569522824696,3,2589,1,0
aging_implicit,af_0111,429,127.81,130,0,0,-7.0821,9.126,-9.26257317302593,6.97165228246963,3,2489,1,0
aging_implicit,af_0111,430,116.63,130,0,0,-5.2186,10.407,-6.45187317302593,10.2399522824696,3,2489,1,0
aging_implicit,af_0111,431,98.986,90,0,0,-1.8495,11.695,-2.49787317302593,11.9879522824696,3,3789,1,0
aging_implicit,af_0111,432,83.083,50,0,0,1.4583,12.021,4.67182682697407,11.2139522824696,3,5120,1,0
aging_implicit,af_0111,433,63.661,50,0,0,5.6426,11.397,9.55492682697407,7.54495228246963,3,2409,1,0
aging_implicit,af_0111,434,107.24,90,0,0,-3.4276,11.047,-3.97467317302593,11.3859522824696,3,2549,1,0
aging_implicit,af_0111,435,117.64,130,0,0,-5.5358,10.573,-9.50077317302593,7.40165228246963,3,2629,1,0
aging_implicit,af_0111,436,92.379,90,0,0,-0.5192,12.499,2.86152682697407,11.8159522824696,3,2530,1,0
aging_implicit,af_0111,437,82.697,50,0,0,1.47,11.47,4.19542682697407,11.1279522824696,3,2569,1,0
aging_implicit,af_0111,438,111.77,130,0,0,-4.5448,11.378,-5.35617317302593,11.0709522824696,3,2589,1,0
aging_implicit,af_0111,439,118.2,130,0,0,-5.6859,10.602,-9.47697317302593,7.57365228246963,3,2549,1,0
aging_implicit,af_0111,440,84.595,50,0,0,1.0866,11.484,-17.1940731730259,-10.8303477175304,3,2329,0,0
aging_implicit,af_0111,441,106.5,90,0,0,-3.5053,11.835,-2.71217317302593,11.6439522824696,3,2529,1,0
aging_implicit,af_0111,442,76.581,90,0,0,3.0329,12.712,4.21922682697407,11.3859522824696,3,2990,1,0
aging_implicit,af_0111,443,80.04,50,0,0,2.1239,12.095,3.74282682697407,11.1279522824696,3,2389,1,0
aging_implicit,af_0111,444,115.76,130,0,0,-5.3263,11.039,-9.97717317302593,7.00025228246963,3,2369,1,0
aging_implicit,af_0111,571,134.66,130,0,0,-7.9162,8.0094,-10.3820731730259,5.76765228246963,4,2650,1,0
aging_implicit,af_0111,572,98.57,90,0,0,-1.7733,11.767,0.670126826974071,12.3609522824696,4,2750,1,0
aging_implicit,af_0111,573,88.283,50,0,0,0.3578,11.937,3.38562682697407,11.6439522824696,4,2610,1,0
aging_implicit,af_0111,574,82.213,50,0,0,1.6613,12.149,3.74282682697407,11.3859522824696,4,2629,1,0
aging_implicit,af_0111,575,133.21,130,0,0,-8.5122,9.0627,-10.2153731730259,6.25495228246963,4,2489,1,0
aging_implicit,af_0111,576,94.296,90,0,0,-0.9388,12.497,2.90922682697407,11.7589522824696,4,2549,1,0
aging_implicit,af_0111,577,130,130,0,0,-7.6857,9.161,-9.90567317302593,6.36965228246963,4,2589,1,0
aging_implicit,af_0111,578,96.612,90,0,0,-1.374,11.854,1.31332682697407,12.1599522824696,4,2709,1,0
aging_implicit,af_0111,579,86.899,50,0,0,0.662,12.221,8.26852682697407,8.43395228246963,4,2589,1,0
aging_implicit,af_0111,580,108.9,90,0,0,-3.9458,11.523,-3.92697317302593,12.4469522824696,4,3496,1,0
aging_implicit,af_0111,581,68.293,50,0,0,4.6345,11.642,10.1739268269741,5.99695228246963,4,2824,1,0
aging_implicit,af_0111,582,109.27,130,0,0,-3.8764,11.089,-6.90447317302593,10.0099522824696,4,2669,1,0
aging_implicit,af_0111,583,105.98,90,0,0,-3.3122,11.563,-4.49867317302593,11.7299522824696,4,2809,1,0
aging_implicit,af_0111,584,120.19,130,0,0,-5.8689,10.087,-8.92907317302593,8.40495228246963,4,2589,1,0
aging_implicit,af_0111,585,82.767,50,0,0,1.4565,11.476,8.17332682697407,8.46195228246963,4,2629,1,0
aging_implicit,af_0111,586,101.27,90,0,0,-2.2484,11.278,-1.97380317302593,11.5009522824696,4,2589,1,0
aging_implicit,af_0111,587,74.755,50,0,0,3.0542,11.207,7.31582682697407,9.80995228246963,4,3249,1,0
aging_implicit,af_0111,588,118.99,130,0,0,-5.5655,10.044,-9.23877317302593,7.83165228246963,4,2629,1,0
aging_implicit,ia_0109,91,75.682,50,0,0,3.0658,12.012,3.83065333071649,12.0044657656503,1,3669,1,1
aging_implicit,ia_0109,92,140.1,130,0,0,-9.4253,7.882,-5.60184666928351,11.2304657656503,1,3549,1,1
aging_implicit,ia_0109,93,119,90,0,0,-5.8324,10.524,-1.38585266928351,12.5204657656503,1,3549,1,1
aging_implicit,ia_0109,94,173.36,130,0,0,-11.941,1.3895,-11.4854466692835,3.69116576565034,1,3409,1,1
aging_implicit,ia_0109,95,86.697,90,0,0,0.7027,12.176,5.28355333071649,10.5714657656503,1,4134,1,1
aging_implicit,ia_0109,96,60.277,50,0,0,6.097,10.679,8.68975333071649,9.33846576565034,1,3730,1,1
aging_implicit,ia_0109,97,99.374,50,0,0,-2.0089,12.169,1.80595333071649,11.7174657656503,1,5109,1,1
aging_implicit,ia_0109,98,141.08,130,0,0,-9.5431,7.7069,-5.17314666928351,10.7714657656503,1,3190,1,1
aging_implicit,ia_0109,99,133.29,90,0,0,-8.2891,8.7978,-3.88684666928351,11.3164657656503,1,3959,1,1
aging_implicit,ia_0109,100,88.592,50,0,0,0.2992,12.176,0.972253330716487,11.7174657656503,1,4609,1,1
aging_implicit,ia_0109,101,84.259,90,0,0,1.2095,12.031,5.56945333071649,10.4854657656503,1,3989,1,1
aging_implicit,ia_0109,102,164.07,130,0,0,-11.726,3.3476,-9.84174666928351,6.95916576565034,1,3209,1,1
aging_implicit,ia_0109,103,147.51,130,0,0,-10.396,6.6191,-9.12714666928351,7.53246576565034,1,3549,1,1
aging_implicit,ia_0109,104,82.178,50,0,0,1.6823,12.247,5.92675333071649,10.3414657656503,1,3249,1,1
aging_implicit,ia_0109,105,88.994,90,0,0,0.2157,12.289,3.64005333071649,10.9434657656503,1,3289,1,1
aging_implicit,ia_0109,106,106.35,90,0,0,-3.4285,11.686,1.80595333071649,11.8894657656503,1,3229,1,1
aging_implicit,ia_0109,107,148.36,130,0,0,-10.418,6.4196,-7.29304666928351,9.65346576565034,1,3208,1,1
aging_implicit,ia_0109,108,97.753,50,0,0,-1.6487,12.11,4.33085333071649,11.6604657656503,1,4124,1,1
aging_implicit,ia_0109,235,144.22,130,0,0,-9.9161,7.1466,-5.45894666928351,10.2844657656503,2,8210,1,1
aging_implicit,ia_0109,236,94.954,50,0,0,-1.0637,12.272,4.28315333071649,11.5454657656503,2,3189,1,1
aging_implicit,ia_0109,237,138.48,90,0,0,-9.0737,8.0341,-6.10214666928351,9.82546576565034,2,3784,1,1
aging_implicit,ia_0109,238,127.06,130,0,0,-7.3139,9.6833,-2.88644666928351,11.2874657656503,2,3589,1,1
aging_implicit,ia_0109,239,12.131,50,0,0,11.784,2.5331,11.3335533307165,5.41116576565034,2,5122,1,1
aging_implicit,ia_0109,240,85.864,90,0,0,0.8698,12.029,3.54475333071649,11.2304657656503,2,3349,1,1
aging_implicit,ia_0109,241,53.651,50,0,0,7.2778,9.8897,9.92855333071649,7.58976576565034,2,3509,1,1
aging_implicit,ia_0109,242,92.941,90,0,0,-0.6184,12.039,0.734053330716487,11.6604657656503,2,3889,1,1
aging_implicit,ia_0109,243,126.61,130,0,0,-7.157,9.6341,-7.45984666928351,9.30946576565034,2,3149,1,1
aging_implicit,ia_0109,244,85.401,50,0,0,0.9733,12.098,4.18785333071649,11.2594657656503,2,3668,1,1
aging_implicit,ia_0109,245,129.42,90,0,0,-7.6863,9.3513,-4.79204666928351,10.7714657656503,2,3229,1,1
aging_implicit,ia_0109,246,165.31,130,0,0,-11.889,3.1173,-11.6524466692835,4.55116576565034,2,3649,1,1
aging_implicit,ia_0109,247,103.79,50,0,0,-2.8692,11.693,3.52095333071649,11.4884657656503,2,3429,1,1
aging_implicit,ia_0109,248,112.87,90,0,0,-4.7301,11.212,-2.98174666928351,11.4314657656503,2,3109,1,1
aging_implicit,ia_0109,249,143.38,130,0,0,-9.6986,7.208,-9.27004666928351,7.70446576565034,2,2869,1,1
aging_implicit,ia_0109,250,109.54,90,0,0,-4.061,11.441,-0.814186669283513,11.6314657656503,2,3009,1,1
aging_implicit,ia_0109,251,140.14,130,0,0,-9.2489,7.7228,-7.81714666928351,9.73946576565034,2,2969,1,1
aging_implicit,ia_0109,252,63.188,50,0,0,5.5453,10.972,9.38055333071649,6.47176576565034,2,5173,1,1
aging_implicit,ia_0109,379,94.302,50,0,0,-0.9007,11.974,3.35425333071649,11.2594657656503,3,7916,1,1
aging_implicit,ia_0109,380,131.32,130,0,0,-7.9491,9.0405,-4.93494666928351,10.7714657656503,3,2968,1,1
aging_implicit,ia_0109,381,122.39,90,0,0,-6.4798,10.216,-0.766546669283513,12.4344657656503,3,3629,1,1
aging_implicit,ia_0109,382,91.878,50,0,0,-0.4035,12.303,4.44995333071649,11.3454657656503,3,5189,1,1
aging_implicit,ia_0109,383,135.31,130,0,0,-8.6061,8.5146,-6.86434666928351,10.0834657656503,3,3809,1,1
aging_implicit,ia_0109,384,79.162,90,0,0,2.2956,11.991,5.78375333071649,10.8294657656503,3,3749,1,1
aging_implicit,ia_0109,385,90.775,90,0,0,-0.1641,12.133,4.68815333071649,10.8574657656503,3,2969,1,1
aging_implicit,ia_0109,386,128.51,130,0,0,-7.4834,9.4054,-5.31604666928351,10.0554657656503,3,3020,1,1
aging_implicit,ia_0109,387,71.136,50,0,0,3.8831,11.365,9.14255333071649,8.07746576565035,3,3849,1,1
aging_implicit,ia_0109,388,78.467,50,0,0,2.4221,11.87,7.99905333071649,9.22346576565034,3,4489,1,1
aging_implicit,ia_0109,389,134.73,130,0,0,-8.5333,8.613,-8.50784666928351,8.76546576565034,3,3409,1,1
aging_implicit,ia_0109,390,120.85,90,0,0,-6.1846,10.354,-2.07661666928351,11.7174657656503,3,3129,1,1
aging_implicit,ia_0109,391,157.82,130,0,0,-11.246,4.5855,-9.22244666928351,7.27446576565034,3,3190,1,1
aging_implicit,ia_0109,392,136.54,90,0,0,-8.7906,8.3298,-3.95834666928351,11.3454657656503,3,3170,1,1
aging_implicit,ia_0109,393,100.9,50,0,0,-2.2902,11.897,3.18745333071649,11.1734657656503,3,3430,1,1
aging_implicit,ia_0109,394,165.63,130,0,0,-11.656,2.9862,-10.2466466692835,6.44316576565034,3,3508,1,1
aging_implicit,ia_0109,395,90.567,50,0,0,-0.1207,12.198,5.04535333071649,10.4564657656503,3,3030,1,1
aging_implicit,ia_0109,396,96.774,90,0,0,-1.4281,12.023,-1.57640666928351,12.2624657656503,3,3009,1,1
aging_implicit,ia_0109,523,113.38,90,0,0,-4.8022,11.109,-0.790366669283513,11.9184657656503,4,5721,1,1
aging_implicit,ia_0109,524,130.3,130,0,0,-8.0191,9.4546,-3.14844666928351,11.6894657656503,4,3829,1,1
aging_implicit,ia_0109,525,52.611,50,0,0,7.2879,9.5361,10.9285533307165,5.18176576565034,4,4529,1,1
aging_implicit,ia_0109,526,76.076,90,0,0,2.9137,11.753,3.06835333071649,11.2304657656503,4,3455,1,1
aging_implicit,ia_0109,527,117.62,130,0,0,-5.6029,10.706,-6.36414666928351,9.88346576565034,4,3110,1,1
aging_implicit,ia_0109,528,69.976,50,0,0,4.1613,11.418,8.33245333071649,8.01976576565034,4,3090,1,1
aging_implicit,ia_0109,529,87.994,90,0,0,0.4202,11.995,0.686453330716487,11.6604657656503,4,2949,1,1
aging_implicit,ia_0109,530,68.807,50,0,0,4.4231,11.408,7.92755333071649,8.93746576565034,4,3089,1,1
aging_implicit,ia_0109,531,116.17,130,0,0,-5.343,10.875,-7.84094666928351,9.28146576565034,4,3229,1,1
aging_implicit,ia_0109,532,147.56,130,0,0,-10.278,6.5322,-9.29394666928351,8.44946576565034,4,2929,1,1
aging_implicit,ia_0109,533,82.788,50,0,0,1.5325,12.11,5.66475333071649,10.7714657656503,4,3289,1,1
aging_implicit,ia_0109,534,118.54,90,0,0,-5.766,10.6,-4.00594666928351,11.7754657656503,4,2689,1,1
aging_implicit,ia_0109,535,83.682,50,0,0,1.337,12.076,3.83065333071649,11.6034657656503,4,3369,1,1
aging_implicit,ia_0109,536,137.87,130,0,0,-8.9869,8.1294,-10.2705466692835,5.52576576565034,4,3488,1,1
aging_implicit,ia_0109,537,128.7,90,0,0,-7.5242,9.3914,-5.19694666928351,10.8294657656503,4,2729,1,1
aging_implicit,ia_0109,538,91.124,50,0,0,-0.24,12.23,2.37765333071649,11.6894657656503,4,4139,1,1
aging_implicit,ia_0109,539,157.02,130,0,0,-11.169,4.7374,-11.4854466692835,4.26446576565034,4,3309,1,1
aging_implicit,ia_0109,540,136.8,90,0,0,-8.8334,8.2957,-6.50704666928351,9.96946576565034,4,2689,1,1
aging_implicit,ia_0109,139,75.328,50,0,0,2.9394,11.227,4.7022499888211,10.706816070748,1,4769,1,0
aging_implicit,ia_0109,140,138.79,130,0,0,-8.6899,7.6101,-6.7548500111789,10.162816070748,1,4409,1,0
aging_implicit,ia_0109,141,120.73,90,0,0,-5.7289,9.6374,-2.9914500111789,12.197816070748,1,3369,1,0
aging_implicit,ia_0109,142,172.66,130,0,0,-11.167,1.4379,-10.8756500111789,5.83381607074801,1,3189,1,0
aging_implicit,ia_0109,143,87.922,90,0,0,0.4109,11.322,5.2739499888211,10.305816070748,1,3369,1,0
aging_implicit,ia_0109,144,62.719,50,0,0,5.3446,10.363,8.3228499888211,9.24481607074801,1,4229,1,0
aging_implicit,ia_0109,145,97.377,50,0,0,-1.4742,11.386,1.7010499888211,11.968816070748,1,3529,1,0
aging_implicit,ia_0109,146,139.42,130,0,0,-8.6331,7.3932,-6.0879500111789,10.362816070748,1,2909,1,0
aging_implicit,ia_0109,147,134.3,90,0,0,-7.8032,7.9959,-4.2062500111789,11.624816070748,1,3449,1,0
aging_implicit,ia_0109,148,88.788,50,0,0,0.2385,11.27,8.4419499888211,8.38481607074801,1,4004,1,0
aging_implicit,ia_0109,149,83.7,90,0,0,1.2289,11.131,0.986449988821102,12.426816070748,1,4130,1,0
aging_implicit,ia_0109,150,162.19,130,0,0,-11.116,3.572,-9.8037500111789,5.57581607074801,1,3390,1,0
aging_implicit,ia_0109,151,149.63,130,0,0,-10.035,5.881,-9.1606500111789,7.43911607074801,1,2790,1,0
aging_implicit,ia_0109,152,82.708,50,0,0,1.4528,11.354,5.7979499888211,10.362816070748,1,3089,1,0
aging_implicit,ia_0109,153,88.024,90,0,0,0.3923,11.373,-0.204550011178898,12.398816070748,1,3303,1,0
aging_implicit,ia_0109,154,106.75,90,0,0,-3.2854,10.918,0.557649988821102,11.939816070748,1,3409,1,0
aging_implicit,ia_0109,155,148.43,130,0,0,-9.7304,5.9783,-9.5894500111789,6.75111607074801,1,3529,1,0
aging_implicit,ia_0109,156,97.465,50,0,0,-1.4921,11.387,3.7018499888211,11.366816070748,1,3149,1,0
aging_implicit,ia_0109,283,144.08,130,0,0,-9.1261,6.6102,-9.6608500111789,7.03781607074801,2,3430,1,0
aging_implicit,ia_0109,284,92.794,50,0,0,-0.5656,11.59,1.5104499888211,11.194816070748,2,2909,1,0
aging_implicit,ia_0109,285,137.72,90,0,0,-8.2442,7.4951,-4.8016500111789,11.538816070748,2,3954,1,0
aging_implicit,ia_0109,286,129.64,130,0,0,-7.2098,8.7027,-5.0398500111789,11.394816070748,2,2829,1,0
aging_implicit,ia_0109,287,16.541,50,0,0,11.366,3.3756,10.7763499888211,6.43581607074801,2,4050,1,0
aging_implicit,ia_0109,288,85.71,90,0,0,0.8509,11.343,1.1531499888211,12.283816070748,2,4289,1,0
aging_implicit,ia_0109,289,55.193,50,0,0,6.5782,9.4623,9.4423499888211,7.92681607074801,2,3229,1,0
aging_implicit,ia_0109,290,93.317,90,0,0,-0.6513,11.238,1.0340499888211,11.996816070748,2,3038,1,0
aging_implicit,ia_0109,291,130.83,130,0,0,-7.5333,8.7178,-7.7553500111789,9.04481607074801,2,3189,1,0
aging_implicit,ia_0109,292,83.39,50,0,0,1.3228,11.415,6.1076499888211,10.993816070748,2,3309,1,0
aging_implicit,ia_0109,293,130.93,90,0,0,-7.4116,8.5462,-5.3733500111789,10.563816070748,2,2949,1,0
aging_implicit,ia_0109,294,165.65,130,0,0,-11.209,2.8665,-11.4476500111789,3.22511607074801,2,3489,1,0
aging_implicit,ia_0109,295,102.8,50,0,0,-2.4941,10.977,2.4155499888211,11.538816070748,2,4768,1,0
aging_implicit,ia_0109,296,111.4,90,0,0,-4.1184,10.509,-0.657110011178898,12.054816070748,2,3069,1,0
aging_implicit,ia_0109,297,144.59,130,0,0,-9.1404,6.4986,-7.8505500111789,8.98681607074801,2,2829,1,0
aging_implicit,ia_0109,298,107.75,90,0,0,-3.5178,10.988,-2.0386400111789,11.968816070748,2,2829,1,0
aging_implicit,ia_0109,299,139.22,130,0,0,-8.4226,7.2662,-7.2789500111789,9.93281607074801,2,2489,1,0
aging_implicit,ia_0109,300,62.705,50,0,0,5.3326,10.334,10.8713499888211,5.83381607074801,2,2949,1,0
aging_implicit,ia_0109,427,93.608,50,0,0,-0.6985,11.078,1.8439499888211,11.251816070748,3,2983,1,0
aging_implicit,ia_0109,428,132.56,130,0,0,-7.6753,8.3581,-6.0164500111789,10.190816070748,3,2629,1,0
aging_implicit,ia_0109,429,123.65,90,0,0,-6.2126,9.3321,-4.6111500111789,11.423816070748,3,2689,1,0
aging_implicit,ia_0109,430,90.359,50,0,0,-0.0738,11.777,1.2246499888211,11.538816070748,3,2649,1,0
aging_implicit,ia_0109,431,134.18,130,0,0,-7.9999,8.2311,-8.9939500111789,8.32781607074801,3,3009,1,0
aging_implicit,ia_0109,432,80.962,90,0,0,1.8085,11.37,5.4168499888211,11.022816070748,3,3329,1,0
aging_implicit,ia_0109,433,91.026,90,0,0,-0.2051,11.456,4.3926499888211,10.362816070748,3,2989,1,0
aging_implicit,ia_0109,434,130.32,130,0,0,-7.3199,8.6254,-5.3733500111789,10.276816070748,3,2710,1,0
aging_implicit,ia_0109,435,73.145,50,0,0,3.2434,10.706,9.4423499888211,7.32451607074801,3,2810,1,0
aging_implicit,ia_0109,436,78.513,50,0,0,2.2327,10.986,8.3704499888211,8.72881607074801,3,4256,1,0
aging_implicit,ia_0109,437,135.55,130,0,0,-8.1081,7.9534,-8.0887500111789,9.47481607074801,3,3376,1,0
aging_implicit,ia_0109,438,121.54,90,0,0,-5.8772,9.5756,-0.752390011178898,11.910816070748,3,3049,1,0
aging_implicit,ia_0109,439,157.86,130,0,0,-10.335,4.205,-8.8271500111789,8.44281607074801,3,3704,1,0
aging_implicit,ia_0109,440,137.86,90,0,0,-8.4576,7.6528,-4.9922500111789,10.649816070748,3,2789,1,0
aging_implicit,ia_0109,441,98.829,50,0,0,-1.7384,11.191,2.3203499888211,11.939816070748,3,3844,1,0
aging_implicit,ia_0109,442,165.67,130,0,0,-10.816,2.7635,-10.9947500111789,5.03111607074801,3,4589,1,0
aging_implicit,ia_0109,443,90.134,50,0,0,-0.0265,11.317,2.9396499888211,11.968816070748,3,7139,1,0
aging_implicit,ia_0109,444,98.218,90,0,0,-1.6224,11.233,0.605349988821102,11.910816070748,3,3289,1,0
aging_implicit,ia_0109,571,113.68,90,0,0,-4.5076,10.279,-2.8723500111789,11.480816070748,4,2847,1,0
aging_implicit,ia_0109,572,129.53,130,0,0,-7.3116,8.8596,-5.0398500111789,10.907816070748,4,2549,1,0
aging_implicit,ia_0109,573,54.82,50,0,0,6.632,9.4085,11.5143499888211,4.34311607074801,4,3069,1,0
aging_implicit,ia_0109,574,76.659,90,0,0,2.5943,10.94,4.2973499888211,11.050816070748,4,3049,1,0
aging_implicit,ia_0109,575,118.66,130,0,0,-5.358,9.8029,-5.5877500111789,10.993816070748,4,2504,1,0
aging_implicit,ia_0109,576,70.272,50,0,0,3.8513,10.74,9.3233499888211,7.35311607074801,4,2569,1,0
aging_implicit,ia_0109,577,89.223,90,0,0,0.1523,11.231,0.819649988821102,11.624816070748,4,2509,1,0
aging_implicit,ia_0109,578,67.5,50,0,0,4.4301,10.695,8.0846499888211,8.18481607074801,4,2629,1,0
aging_implicit,ia_0109,579,117.38,130,0,0,-5.1892,10.019,-7.9220500111789,8.95881607074801,4,2449,1,0
aging_implicit,ia_0109,580,146.83,130,0,0,-9.4695,6.19,-8.5889500111789,8.32781607074801,4,2329,1,0
aging_implicit,ia_0109,581,84.056,50,0,0,1.1678,11.216,6.7507499888211,9.87581607074801,4,2609,1,0
aging_implicit,ia_0109,582,117.96,90,0,0,-5.2173,9.8289,-2.3721500111789,11.423816070748,4,2409,1,0
aging_implicit,ia_0109,583,84.122,50,0,0,1.173,11.393,5.1548499888211,10.420816070748,4,2489,1,0
aging_implicit,ia_0109,584,137.44,130,0,0,-9.5805,8.7965,-11.1853500111789,6.17781607074801,4,5506,1,0
aging_implicit,ia_0109,585,128.92,90,0,0,-7.0005,8.6704,-4.8255500111789,10.735816070748,4,2709,1,0
aging_implicit,ia_0109,586,92.959,50,0,0,-0.5976,11.561,1.7724499888211,12.025816070748,4,3250,1,0
aging_implicit,ia_0109,587,158.26,130,0,0,-10.396,4.1454,-11.0900500111789,3.94181607074801,4,2610,1,0
aging_implicit,ia_0109,588,135.06,90,0,0,-7.937,7.9202,-4.2776500111789,10.391816070748,4,3210,1,0
aging_implicit,jd_1007,91,111.89,90,0,0,-4.5018,11.205,-0.385027888295624,11.5879223959345,1,4829,1,1
aging_implicit,jd_1007,92,157.75,130,0,0,-11.328,4.6334,-8.17402788829562,8.17652239593452,1,3129,1,1
aging_implicit,jd_1007,93,78.188,50,0,0,2.4719,11.82,6.02237211170438,9.95392239593452,1,2949,1,1
aging_implicit,jd_1007,94,154.89,130,0,0,-11.14,5.2201,-8.17402788829562,9.06522239593452,1,2969,1,1
aging_implicit,jd_1007,95,100.64,90,0,0,-2.2335,11.892,-1.36162788829562,12.5339223959345,1,3489,1,1
aging_implicit,jd_1007,96,70.816,50,0,0,3.9648,11.396,-0.242137888295624,1.72652239593452,1,3478,0,1
aging_implicit,jd_1007,97,78.681,50,0,0,2.3951,11.966,5.56977211170438,10.5559223959345,1,2989,1,1
aging_implicit,jd_1007,98,119.37,90,0,0,-6.0205,10.697,-1.76662788829562,12.3332223959345,1,2789,1,1
aging_implicit,jd_1007,99,157.91,130,0,0,-11.416,4.6336,-8.86472788829562,7.45992239593452,1,3249,1,1
aging_implicit,jd_1007,100,112.99,90,0,0,-4.6897,11.052,-2.07622788829562,12.2759223959345,1,2903,1,1
aging_implicit,jd_1007,101,72.716,50,0,0,3.5938,11.55,6.06997211170438,10.2979223959345,1,2890,1,1
aging_implicit,jd_1007,102,140.34,130,0,0,-9.4185,7.8078,-7.29272788829562,9.26592239593452,1,3742,1,1
aging_implicit,jd_1007,103,80.002,50,0,0,2.1128,11.985,5.78417211170438,10.3552223959345,1,3089,1,1
aging_implicit,jd_1007,104,110.37,90,0,0,-4.2079,11.335,-0.194497888295624,12.4765223959345,1,3029,1,1
aging_implicit,jd_1007,105,137.67,130,0,0,-8.9455,8.1482,-5.69682788829562,11.1292223959345,1,4400,1,1
aging_implicit,jd_1007,106,145.95,130,0,0,-9.959,6.7291,-8.65042788829562,8.00452239593452,1,3129,1,1
aging_implicit,jd_1007,107,103.48,90,0,0,-2.8004,11.686,-2.05242788829562,11.5019223959345,1,2869,1,1
aging_implicit,jd_1007,108,73.341,50,0,0,3.4842,11.644,5.83187211170438,9.92522239593452,1,3134,1,1
aging_implicit,jd_1007,235,57.123,50,0,0,6.5882,10.193,4.45027211170438,10.7279223959345,2,8236,1,1
aging_implicit,jd_1007,236,117.44,90,0,0,-5.6691,10.916,-2.81462788829562,11.3585223959345,2,3030,1,1
aging_implicit,jd_1007,237,155.97,130,0,0,-11.372,5.0691,-9.17442788829562,8.26252239593452,2,2830,1,1
aging_implicit,jd_1007,238,146.69,130,0,0,-10.247,6.7338,-5.43472788829562,10.7852223959345,2,2944,1,1
aging_implicit,jd_1007,239,113.23,90,0,0,-4.8127,11.212,-2.19532788829562,12.0465223959345,2,3269,1,1
aging_implicit,jd_1007,240,75.197,50,0,0,3.0901,11.693,5.71277211170438,10.3839223959345,2,3309,1,1
aging_implicit,jd_1007,241,125.59,90,0,0,-7.1202,9.9474,-3.36252788829562,11.8745223959345,2,3129,1,1
aging_implicit,jd_1007,242,148.73,130,0,0,-10.544,6.4035,-8.29312788829562,7.11592239593452,2,3249,1,1
aging_implicit,jd_1007,243,84.373,50,0,0,1.1864,12.041,5.02197211170438,10.3839223959345,2,5702,1,1
aging_implicit,jd_1007,244,117.03,90,0,0,-5.531,10.843,-3.19572788829562,12.5339223959345,2,3556,1,1
aging_implicit,jd_1007,245,148.55,130,0,0,-10.26,6.2763,-9.72222788829562,5.53923239593452,2,2929,1,1
aging_implicit,jd_1007,246,82.345,50,0,0,1.5987,11.895,4.80757211170438,10.0399223959345,2,3349,1,1
aging_implicit,jd_1007,247,87.216,50,0,0,0.5832,11.993,5.54597211170438,11.3585223959345,2,3628,1,1
aging_implicit,jd_1007,248,135.26,130,0,0,-8.5324,8.4555,-7.79292788829562,9.32322239593452,2,2976,1,1
aging_implicit,jd_1007,249,111.07,90,0,0,-4.378,11.366,-2.98132788829562,12.1325223959345,2,2869,1,1
aging_implicit,jd_1007,250,140.67,130,0,0,-9.3659,7.6754,-8.60272788829562,8.14792239593452,2,3129,1,1
aging_implicit,jd_1007,251,73.555,50,0,0,3.3973,11.51,4.18827211170438,9.81052239593452,2,3089,1,1
aging_implicit,jd_1007,252,108.42,90,0,0,-3.8492,11.559,-1.93332788829562,12.8492223959345,2,3149,1,1
aging_implicit,jd_1007,379,70.73,50,0,0,4.0028,11.45,5.14107211170438,11.5305223959345,3,3589,1,1
aging_implicit,jd_1007,380,149.08,130,0,0,-10.516,6.298,-8.29312788829562,9.06522239593452,3,3009,1,1
aging_implicit,jd_1007,381,112.91,90,0,0,-4.6875,11.094,-0.361227888295624,11.9892223959345,3,2929,1,1
aging_implicit,jd_1007,382,72.158,50,0,0,3.7348,11.603,6.45117211170438,9.40922239593452,3,3049,1,1
aging_implicit,jd_1007,383,157.12,130,0,0,-11.231,4.7388,-8.96002788829562,7.11592239593452,3,2990,1,1
aging_implicit,jd_1007,384,121.51,90,0,0,-6.3186,10.308,-3.86272788829562,11.7885223959345,3,3029,1,1
aging_implicit,jd_1007,385,128.27,130,0,0,-7.6364,9.6802,-4.88692788829562,10.6992223959345,3,3310,1,1
aging_implicit,jd_1007,386,113.53,90,0,0,-4.82,11.072,-3.55302788829562,11.9605223959345,3,3090,1,1
aging_implicit,jd_1007,387,83.802,50,0,0,1.3242,12.192,3.68807211170438,11.8745223959345,3,3089,1,1
aging_implicit,jd_1007,388,123.91,130,0,0,-6.8504,10.189,-3.62452788829562,11.8745223959345,3,2989,1,1
aging_implicit,jd_1007,389,91.971,50,0,0,-0.4188,12.167,3.21167211170438,11.5592223959345,3,3109,1,1
aging_implicit,jd_1007,390,107.1,90,0,0,-3.5463,11.525,-0.718527888295624,12.2185223959345,3,3349,1,1
aging_implicit,jd_1007,391,85.375,90,0,0,0.9845,12.17,3.54517211170438,11.1579223959345,3,3069,1,1
aging_implicit,jd_1007,392,147.65,130,0,0,-10.189,6.453,-8.24542788829562,6.02652239593452,3,3099,1,1
aging_implicit,jd_1007,393,88.275,50,0,0,0.3654,12.134,3.18787211170438,11.3585223959345,3,3129,1,1
aging_implicit,jd_1007,394,86.219,50,0,0,0.8117,12.281,2.75907211170438,11.5305223959345,3,3369,1,1
aging_implicit,jd_1007,395,86.32,90,0,0,0.8056,12.525,3.42607211170438,11.8172223959345,3,3329,1,1
aging_implicit,jd_1007,396,121.95,130,0,0,-6.3611,10.201,-4.05322788829562,11.8172223959345,3,3089,1,1
aging_implicit,jd_1007,523,151.68,130,0,0,-10.745,5.7895,-8.24542788829562,8.92192239593452,4,4410,1,1
aging_implicit,jd_1007,524,80.177,50,0,0,2.0804,12.016,3.68807211170438,10.5845223959345,4,2970,1,1
aging_implicit,jd_1007,525,124.38,90,0,0,-6.9,10.084,-2.52882788829562,11.8172223959345,4,2897,1,1
aging_implicit,jd_1007,526,76.167,50,0,0,2.9154,11.84,3.90247211170438,11.1292223959345,4,3190,1,1
aging_implicit,jd_1007,527,111.2,90,0,0,-4.3657,11.256,1.16321211170438,12.5912223959345,4,2991,1,1
aging_implicit,jd_1007,528,145.18,130,0,0,-10.108,7.0308,-6.26842788829562,9.81052239593452,4,3539,1,1
aging_implicit,jd_1007,529,122.02,90,0,0,-6.5191,10.423,-3.50542788829562,12.1612223959345,4,3049,1,1
aging_implicit,jd_1007,530,76.478,50,0,0,2.8074,11.674,3.68807211170438,11.4159223959345,4,3009,1,1
aging_implicit,jd_1007,531,127.19,130,0,0,-7.2752,9.5879,-4.93452788829562,10.9285223959345,4,2969,1,1
aging_implicit,jd_1007,532,91.311,50,0,0,-0.2762,12.072,3.21167211170438,11.1292223959345,4,3189,1,1
aging_implicit,jd_1007,533,129.19,130,0,0,-7.6187,9.3432,-3.95792788829562,11.5019223959345,4,2929,1,1
aging_implicit,jd_1007,534,129.37,90,0,0,-7.6671,9.3427,-2.69552788829562,10.6132223959345,4,3049,1,1
aging_implicit,jd_1007,535,91.864,90,0,0,-0.3933,12.082,2.56857211170438,11.9032223959345,4,3069,1,1
aging_implicit,jd_1007,536,142.83,130,0,0,-9.7024,7.3567,-4.43432788829562,11.7599223959345,4,3129,1,1
aging_implicit,jd_1007,537,91.692,50,0,0,-0.3602,12.192,2.59237211170438,11.1865223959345,4,3129,1,1
aging_implicit,jd_1007,538,95.488,90,0,0,-1.1665,12.141,3.40227211170438,11.9605223959345,4,3050,1,1
aging_implicit,jd_1007,539,129.38,130,0,0,-7.674,9.3498,-3.64832788829562,11.9032223959345,4,4320,1,1
aging_implicit,jd_1007,540,89.52,50,0,0,0.1016,12.117,3.75957211170438,11.1005223959345,4,2989,1,1
aging_implicit,jd_1007,139,111.35,90,0,0,-4.1318,10.57,-2.27764512205714,12.3009171098933,1,2849,1,0
aging_implicit,jd_1007,140,156.88,130,0,0,-10.497,4.4817,-8.78034512205714,7.25521710989334,1,3829,1,0
aging_implicit,jd_1007,141,77.643,50,0,0,2.4394,11.135,5.15395487794286,10.2079171098933,1,2630,1,0
aging_implicit,jd_1007,142,153.91,130,0,0,-10.233,5.0114,-8.28014512205714,8.02921710989334,1,2609,1,0
aging_implicit,jd_1007,143,99.807,90,0,0,-1.9205,11.11,-0.181545122057136,12.3869171098933,1,2670,1,0
aging_implicit,jd_1007,144,70.581,50,0,0,3.7023,10.502,9.17945487794286,7.82861710989334,1,2729,1,0
aging_implicit,jd_1007,145,77.335,50,0,0,2.5079,11.16,6.32115487794286,10.7239171098933,1,2689,1,0
aging_implicit,jd_1007,146,119.2,90,0,0,-5.5157,9.8698,-2.32534512205714,12.1859171098933,1,2589,1,0
aging_implicit,jd_1007,147,157.25,130,0,0,-10.666,4.4731,-9.39974512205714,6.82521710989334,1,3799,1,0
aging_implicit,jd_1007,148,111.77,90,0,0,-4.123,10.326,-2.61114512205714,11.5552171098933,1,2569,1,0
aging_implicit,jd_1007,149,72.377,50,0,0,3.4126,10.743,5.96385487794286,10.6379171098933,1,2689,1,0
aging_implicit,jd_1007,150,140.33,130,0,0,-8.6475,7.1713,-7.66084512205714,8.25861710989334,1,3191,1,0
aging_implicit,jd_1007,151,78.52,50,0,0,2.2331,10.996,5.53505487794286,10.8959171098933,1,2669,1,0
aging_implicit,jd_1007,152,109.57,90,0,0,-3.7656,10.592,-1.87274512205714,12.2149171098933,1,2609,1,0
aging_implicit,jd_1007,153,137.38,130,0,0,-8.2137,7.5581,-5.82674512205714,9.14721710989334,1,2469,1,0
aging_implicit,jd_1007,154,145.14,130,0,0,-9.1911,6.4012,-8.92334512205714,8.51661710989334,1,3004,1,0
aging_implicit,jd_1007,155,102.26,90,0,0,-2.3609,10.86,-1.46784512205714,12.5869171098933,1,2549,1,0
aging_implicit,jd_1007,156,71.755,50,0,0,3.5236,10.689,5.89235487794286,9.77791710989334,1,2629,1,0
aging_implicit,jd_1007,283,55.889,50,0,0,6.4284,9.4909,5.13015487794286,11.1252171098933,2,2970,1,0
aging_implicit,jd_1007,284,116.13,90,0,0,-5.0615,10.318,-1.63454512205714,12.3009171098933,2,2929,1,0
aging_implicit,jd_1007,285,155,130,0,0,-10.408,4.8521,-7.97054512205714,9.08991710989334,2,3937,1,0
aging_implicit,jd_1007,286,146.05,130,0,0,-9.5559,6.4343,-7.18444512205714,9.34791710989334,2,2589,1,0
aging_implicit,jd_1007,287,111.97,90,0,0,-4.2163,10.452,-0.729445122057136,12.2719171098933,2,2689,1,0
aging_implicit,jd_1007,288,74.217,50,0,0,3.0293,10.717,6.65465487794286,9.69191710989334,2,2849,1,0
aging_implicit,jd_1007,289,125.24,90,0,0,-6.4982,9.1982,-3.56394512205714,12.0712171098933,2,2649,1,0
aging_implicit,jd_1007,290,148.32,130,0,0,-9.831,6.0669,-8.23254512205714,8.17261710989334,2,2549,1,0
aging_implicit,jd_1007,291,82.907,50,0,0,1.387,11.147,5.48745487794286,10.5806171098933,2,2523,1,0
aging_implicit,jd_1007,292,116.27,90,0,0,-4.9598,10.051,-1.44404512205714,12.3009171098933,2,2550,1,0
aging_implicit,jd_1007,293,148.28,130,0,0,-9.4081,5.8146,-7.77994512205714,9.26191710989334,2,2610,1,0
aging_implicit,jd_1007,294,81.408,50,0,0,1.6747,11.084,5.74945487794286,9.63461710989334,2,2470,1,0
aging_implicit,jd_1007,295,85.401,50,0,0,0.8918,11.087,5.96385487794286,8.86061710989334,2,2489,1,0
aging_implicit,jd_1007,296,135.22,130,0,0,-7.9174,7.8568,-7.51794512205714,8.68861710989334,2,2530,1,0
aging_implicit,jd_1007,297,110.11,90,0,0,-3.8743,10.582,-1.56314512205714,12.5299171098933,2,2589,1,0
aging_implicit,jd_1007,298,140.44,130,0,0,-8.6787,7.1693,-7.63704512205714,9.72061710989334,2,2809,1,0
aging_implicit,jd_1007,299,71.807,50,0,0,3.5265,10.73,4.96345487794286,10.7239171098933,2,3029,1,0
aging_implicit,jd_1007,300,107.42,90,0,0,-3.4104,10.871,-1.75364512205714,11.6986171098933,2,2569,1,0
aging_implicit,jd_1007,427,69.868,50,0,0,3.8533,10.511,4.65375487794286,11.1252171098933,3,2869,1,0
aging_implicit,jd_1007,428,148.33,130,0,0,-9.7936,6.0407,-8.25634512205714,7.34121710989334,3,2430,1,0
aging_implicit,jd_1007,429,111.61,90,0,0,-4.1574,10.493,-2.87314512205714,11.7272171098933,3,2450,1,0
aging_implicit,jd_1007,430,71.756,50,0,0,3.5107,10.65,5.13015487794286,10.0646171098933,3,2549,1,0
aging_implicit,jd_1007,431,156.97,130,0,0,-10.369,4.4079,-9.04244512205714,7.85721710989334,3,2609,1,0
aging_implicit,jd_1007,432,119.63,90,0,0,-5.5706,9.7928,-3.13514512205714,12.5009171098933,3,2949,1,0
aging_implicit,jd_1007,433,127.18,130,0,0,-6.9423,9.1512,-5.01694512205714,11.6986171098933,3,3209,1,0
aging_implicit,jd_1007,434,111.86,90,0,0,-4.1863,10.434,-2.63494512205714,11.6986171098933,3,2470,1,0
aging_implicit,jd_1007,435,80.985,50,0,0,1.8155,11.444,4.39175487794286,11.1826171098933,3,2489,1,0
aging_implicit,jd_1007,436,122.27,130,0,0,-6.054,9.5859,-3.75444512205714,10.5232171098933,3,2549,1,0
aging_implicit,jd_1007,437,89.993,50,0,0,0.0014,11.263,3.91535487794286,10.8672171098933,3,2469,1,0
aging_implicit,jd_1007,438,106.35,90,0,0,-3.1535,10.752,-0.0148351220571359,11.9279171098933,3,2509,1,0
aging_implicit,jd_1007,439,84.994,90,0,0,0.9945,11.354,2.74825487794286,11.2686171098933,3,3299,1,0
aging_implicit,jd_1007,440,144.84,130,0,0,-9.3144,6.5614,-7.18444512205714,9.57721710989334,3,2408,1,0
aging_implicit,jd_1007,441,87.378,50,0,0,0.5143,11.23,3.86775487794286,11.2686171098933,3,2509,1,0
aging_implicit,jd_1007,442,83.475,50,0,0,1.3217,11.556,3.84395487794286,11.2399171098933,3,2449,1,0
aging_implicit,jd_1007,443,85.376,90,0,0,0.9388,11.607,3.10555487794286,11.7272171098933,3,2429,1,0
aging_implicit,jd_1007,444,123.17,130,0,0,-6.1739,9.4471,-3.54014512205714,12.2429171098933,3,2450,1,0
aging_implicit,jd_1007,571,151,130,0,0,-9.9921,5.5392,-8.04194512205714,8.68861710989334,4,2450,1,0
aging_implicit,jd_1007,572,79.22,50,0,0,2.1136,11.101,3.93915487794286,11.3259171098933,4,2629,1,0
aging_implicit,jd_1007,573,123.18,90,0,0,-6.3182,9.6616,-2.37294512205714,12.1286171098933,4,2569,1,0
aging_implicit,jd_1007,574,76.729,50,0,0,2.6402,11.194,5.89235487794286,10.2079171098933,4,2629,1,0
aging_implicit,jd_1007,575,110.37,90,0,0,-3.9275,10.579,1.03322487794286,12.0426171098933,4,2509,1,0
aging_implicit,jd_1007,576,144.11,130,0,0,-9.2852,6.7189,-5.20744512205714,10.2366171098933,4,2509,1,0
aging_implicit,jd_1007,577,122.2,90,0,0,-6.133,9.7408,-2.96844512205714,11.2686171098933,4,2530,1,0
aging_implicit,jd_1007,578,76.161,50,0,0,2.7031,10.973,8.05995487794286,9.06121710989334,4,2470,1,0
aging_implicit,jd_1007,579,128.48,130,0,0,-7.0681,8.8914,-3.89744512205714,12.0712171098933,4,2550,1,0
aging_implicit,jd_1007,580,91.32,50,0,0,-0.258,11.2,3.93915487794286,11.6699171098933,4,2510,1,0
aging_implicit,jd_1007,581,129.58,130,0,0,-7.0718,8.5546,-3.61154512205714,11.6986171098933,4,2490,1,0
aging_implicit,jd_1007,582,128.94,90,0,0,-7.0938,8.7796,-4.11174512205714,10.8672171098933,4,2590,1,0
aging_implicit,jd_1007,583,91.598,90,0,0,-0.3118,11.174,2.15275487794286,12.7879171098933,4,2530,1,0
aging_implicit,jd_1007,584,141.5,130,0,0,-8.9121,7.0887,-5.56474512205714,11.2112171098933,4,2569,1,0
aging_implicit,jd_1007,585,90.731,50,0,0,-0.1431,11.218,3.31985487794286,11.9566171098933,4,2529,1,0
aging_implicit,jd_1007,586,95.325,90,0,0,-1.0476,11.24,2.29565487794286,10.9246171098933,4,2529,1,0
aging_implicit,jd_1007,587,131.26,130,0,0,-7.4512,8.4922,-3.99264512205714,11.7272171098933,4,2549,1,0
aging_implicit,jd_1007,588,90.492,50,0,0,-0.096,11.183,4.48705487794286,10.6379171098933,4,2569,1,0
aging_implicit,ao_1608,91,112.35,90,0,0,-4.5843,11.15,-1.12745925572183,11.7260688215792,1,11143,1,1
aging_implicit,ao_1608,92,159.6,130,0,0,-11.249,4.1843,-6.08195925572183,11.0090688215792,1,4765,1,1
aging_implicit,ao_1608,93,89.251,50,0,0,0.1573,12.033,3.73164074427817,11.0950688215792,1,4063,1,1
aging_implicit,ao_1608,94,169.35,130,0,0,-11.834,2.2249,-8.79735925572183,7.25376882157916,1,3819,1,1
aging_implicit,ao_1608,95,50.704,50,0,0,7.6153,9.3054,8.54324074427817,7.51176882157916,1,3931,1,1
aging_implicit,ao_1608,96,89.129,90,0,0,0.183,12.036,2.80274074427817,11.1240688215792,1,3795,1,1
aging_implicit,ao_1608,97,137.1,90,0,0,-8.8545,8.2279,-3.84285925572183,10.6360688215792,1,3115,1,1
aging_implicit,ao_1608,98,178.88,130,0,0,-12.278,0.2409,-10.8696592557218,5.53376882157916,1,3695,1,1
aging_implicit,ao_1608,99,76.091,50,0,0,2.9161,11.775,6.06604074427817,10.2640688215792,1,3459,1,1
aging_implicit,ao_1608,100,143.11,130,0,0,-9.6718,7.2585,-5.53405925572183,10.7510688215792,1,3539,1,1
aging_implicit,ao_1608,101,86.973,50,0,0,0.6367,12.039,4.97034074427817,10.5220688215792,1,3467,1,1
aging_implicit,ao_1608,102,124.62,90,0,0,-6.8897,9.9787,0.134950744278168,11.5540688215792,1,4089,1,1
aging_implicit,ao_1608,103,125.41,90,0,0,-7.0867,9.9688,-3.69995925572183,12.2420688215792,1,3721,1,1
aging_implicit,ao_1608,104,86.898,50,0,0,0.6559,12.104,5.13704074427817,11.6680688215792,1,3399,1,1
aging_implicit,ao_1608,105,166.76,130,0,0,-11.852,2.7879,-10.3936592557218,5.30436882157916,1,3479,1,1
aging_implicit,ao_1608,106,127.25,90,0,0,-7.2653,9.5554,-3.60465925572183,12.2420688215792,1,3399,1,1
aging_implicit,ao_1608,107,51.691,50,0,0,7.5776,9.5917,7.92394074427817,9.69006882157916,1,3465,1,1
aging_implicit,ao_1608,108,141.69,130,0,0,-9.4731,7.4841,-6.12955925572183,10.8080688215792,1,3500,1,1
aging_implicit,ao_1608,235,147.1,130,0,0,-10.084,6.5236,-9.53575925572183,7.11036882157916,2,7668,1,1
aging_implicit,ao_1608,236,80.019,50,0,0,2.0873,11.861,5.61344074427817,10.6080688215792,2,4585,1,1
aging_implicit,ao_1608,237,107.72,90,0,0,-3.6667,11.474,-0.651089255721832,12.0980688215792,2,4974,1,1
aging_implicit,ao_1608,238,156.85,130,0,0,-11.065,4.732,-8.53535925572183,8.60106882157916,2,3920,1,1
aging_implicit,ao_1608,239,84.761,90,0,0,1.1,11.997,2.73124074427817,11.0090688215792,2,4100,1,1
aging_implicit,ao_1608,240,82.099,50,0,0,1.6604,11.964,4.51774074427817,11.3820688215792,2,3999,1,1
aging_implicit,ao_1608,241,70.293,50,0,0,4.0858,11.407,-16.5146592557218,-6.01893117842084,2,4099,0,1
aging_implicit,ao_1608,242,94.015,90,0,0,-0.8438,12.022,1.92144074427817,11.6400688215792,2,3799,1,1
aging_implicit,ao_1608,243,166.81,130,0,0,-11.711,2.7451,-10.2976592557218,5.99236882157916,2,3425,1,1
aging_implicit,ao_1608,244,139.58,90,0,0,-9.1362,7.7801,-3.81905925572183,11.6970688215792,2,3699,1,1
aging_implicit,ao_1608,245,154.62,130,0,0,-10.961,5.1998,-7.24905925572183,9.11706882157916,2,4101,1,1
aging_implicit,ao_1608,246,70.723,50,0,0,4.0068,11.456,6.08984074427817,9.51806882157916,2,3675,1,1
aging_implicit,ao_1608,247,132.77,90,0,0,-8.1877,8.8499,-3.19975925572183,12.1270688215792,2,3739,1,1
aging_implicit,ao_1608,248,148.1,130,0,0,-10.343,6.4378,-5.67695925572183,10.8080688215792,2,3981,1,1
aging_implicit,ao_1608,249,74.989,50,0,0,3.1397,11.709,6.18504074427817,10.4360688215792,2,3899,1,1
aging_implicit,ao_1608,250,97.696,90,0,0,-1.6096,11.911,1.99284074427817,11.2100688215792,2,3979,1,1
aging_implicit,ao_1608,251,151.21,130,0,0,-10.573,5.8097,-8.01125925572183,9.46106882157916,2,4256,1,1
aging_implicit,ao_1608,252,72.223,50,0,0,3.7169,11.593,5.66104074427817,9.83406882157916,2,4312,1,1
aging_implicit,ao_1608,379,109.64,90,0,0,-4.0514,11.35,-0.460539255721832,12.5280688215792,3,6141,1,1
aging_implicit,ao_1608,380,140.28,130,0,0,-9.2483,7.6831,-5.96285925572183,10.1490688215792,3,5258,1,1
aging_implicit,ao_1608,381,49.662,50,0,0,7.8434,9.2361,9.54364074427817,8.63006882157916,3,4528,1,1
aging_implicit,ao_1608,382,145.92,130,0,0,-10.003,6.7688,-5.60555925572183,10.9800688215792,3,4945,1,1
aging_implicit,ao_1608,383,130.54,90,0,0,-7.8976,9.2334,-4.65275925572183,11.3240688215792,3,3840,1,1
aging_implicit,ao_1608,384,60.513,50,0,0,5.9917,10.596,8.87664074427817,7.82706882157916,3,4025,1,1
aging_implicit,ao_1608,385,91.327,90,0,0,-0.2788,12.033,-16.5146592557218,-5.44563117842084,3,4619,0,1
aging_implicit,ao_1608,386,147.5,130,0,0,-10.233,6.5193,-3.67615925572183,11.6400688215792,3,3933,1,1
aging_implicit,ao_1608,387,89.094,50,0,0,0.1922,12.156,3.56494074427817,10.2060688215792,3,4013,1,1
aging_implicit,ao_1608,388,82.636,50,0,0,1.5437,11.945,4.44624074427817,11.2380688215792,3,4909,1,1
aging_implicit,ao_1608,389,174.45,130,0,0,-12.161,1.182,-9.67865925572183,7.36836882157916,3,3609,1,1
aging_implicit,ao_1608,390,140.11,90,0,0,-9.3206,7.7908,-3.31885925572183,11.6970688215792,3,3993,1,1
aging_implicit,ao_1608,391,118,90,0,0,-5.6756,10.675,-11.0836592557218,4.90306882157916,3,3885,1,1
aging_implicit,ao_1608,392,86.449,50,0,0,0.7451,12.008,4.47004074427817,10.8660688215792,3,3699,1,1
aging_implicit,ao_1608,393,172.51,130,0,0,-12.023,1.5812,-8.79735925572183,7.05306882157916,3,4637,1,1
aging_implicit,ao_1608,394,127.15,90,0,0,-7.281,9.6105,-1.48475925572183,11.9260688215792,3,4178,1,1
aging_implicit,ao_1608,395,87.859,50,0,0,0.4498,12.031,-16.5146592557218,-4.81493117842084,3,4520,0,1
aging_implicit,ao_1608,396,129.05,130,0,0,-7.6501,9.4313,-3.98585925572183,11.1810688215792,3,4635,1,1
aging_implicit,ao_1608,523,77.889,50,0,0,2.528,11.781,5.94694074427817,10.2640688215792,4,4684,1,1
aging_implicit,ao_1608,524,148.4,130,0,0,-10.32,6.3479,-6.67745925572183,9.83406882157916,4,3780,1,1
aging_implicit,ao_1608,525,140.89,90,0,0,-9.3361,7.589,-2.38995925572183,11.4100688215792,4,3396,1,1
aging_implicit,ao_1608,526,105.53,90,0,0,-3.2722,11.777,1.23064074427817,11.8690688215792,4,3632,1,1
aging_implicit,ao_1608,527,82.475,50,0,0,1.5961,12.082,6.18504074427817,10.5790688215792,4,5876,1,1
aging_implicit,ao_1608,528,175.41,130,0,0,-11.969,0.9604,-9.03555925572183,7.25376882157916,4,4448,1,1
aging_implicit,ao_1608,529,179.58,130,0,0,-12.36,0.0902,-9.03555925572183,8.34306882157916,4,4039,1,1
aging_implicit,ao_1608,530,70.519,50,0,0,4.0201,11.364,7.30464074427817,9.80506882157916,4,3890,1,1
aging_implicit,ao_1608,531,129.3,90,0,0,-7.7127,9.4232,-0.269979255721832,12.4710688215792,4,4919,1,1
aging_implicit,ao_1608,532,175.26,130,0,0,-12.172,1.0102,-7.36815925572183,9.08806882157916,4,3159,1,1
aging_implicit,ao_1608,533,48.963,50,0,0,7.9992,9.1899,11.3303407442782,5.50506882157916,4,3879,1,1
aging_implicit,ao_1608,534,95.738,90,0,0,-1.2058,11.999,4.44624074427817,11.3820688215792,4,5339,1,1
aging_implicit,ao_1608,535,126.64,90,0,0,-7.2241,9.7138,-0.865469255721832,11.9840688215792,4,5687,1,1
aging_implicit,ao_1608,536,180.94,130,0,0,-12.177,-0.2,-10.0836592557218,6.73776882157916,4,3380,1,1
aging_implicit,ao_1608,537,90.145,50,0,0,-0.0304,12.016,5.32754074427817,11.1240688215792,4,4535,1,1
aging_implicit,ao_1608,538,124.81,90,0,0,-6.8569,9.8618,-1.41335925572183,12.2130688215792,4,3739,1,1
aging_implicit,ao_1608,539,87.371,50,0,0,0.5558,12.103,3.92224074427817,11.3240688215792,4,4079,1,1
aging_implicit,ao_1608,540,175.4,130,0,0,-12.011,0.9673,-8.65445925572183,8.02776882157916,4,3737,1,1
aging_implicit,ao_1608,139,111.8,90,0,0,-4.1488,10.371,-1.12077055725664,12.7909660207237,1,4309,1,0
aging_implicit,ao_1608,140,160.13,130,0,0,-10.428,3.7688,-9.86257055725664,6.79966602072373,1,3226,1,0
aging_implicit,ao_1608,141,88.052,50,0,0,0.3765,11.072,3.64312944274336,10.8699660207237,1,2848,1,0
aging_implicit,ao_1608,142,170.04,130,0,0,-11.041,1.9392,-10.5299705572566,6.34096602072373,1,4119,1,0
aging_implicit,ao_1608,143,50.522,50,0,0,7.0412,8.5482,9.85992944274336,6.39826602072373,1,2780,1,0
aging_implicit,ao_1608,144,89.949,90,0,0,0.0098,11.103,2.02332944274336,11.4439660207237,1,2929,1,0
aging_implicit,ao_1608,145,137.68,90,0,0,-8.3218,7.5778,-5.45597055725664,10.4119660207237,1,2879,1,0
aging_implicit,ao_1608,146,177.48,130,0,0,-11.338,0.499,-10.5059705572566,4.56366602072373,1,3123,1,0
aging_implicit,ao_1608,147,73.515,50,0,0,3.2502,10.983,5.57242944274336,10.4689660207237,1,2966,1,0
aging_implicit,ao_1608,148,142.86,130,0,0,-8.899,6.7412,-6.02757055725664,9.86696602072373,1,2759,1,0
aging_implicit,ao_1608,149,84.54,50,0,0,1.0728,11.224,3.42872944274336,10.8699660207237,1,2799,1,0
aging_implicit,ao_1608,150,124.5,90,0,0,-6.3824,9.2864,-3.28837055725664,12.1319660207237,1,2679,1,0
aging_implicit,ao_1608,151,125.65,90,0,0,-6.61,9.2159,-4.28877055725664,11.2139660207237,1,2779,1,0
aging_implicit,ao_1608,152,85.272,50,0,0,0.9387,11.35,5.19132944274336,10.9279660207237,1,2759,1,0
aging_implicit,ao_1608,153,165.47,130,0,0,-10.908,2.8277,-10.9339705572566,4.70696602072373,1,2719,1,0
aging_implicit,ao_1608,154,125.53,90,0,0,-6.4857,9.0818,-5.31297055725664,9.86696602072373,1,2719,1,0
aging_implicit,ao_1608,155,50.859,50,0,0,7.2309,8.8846,10.3360294427434,6.16896602072373,1,2739,1,0
aging_implicit,ao_1608,156,141.26,130,0,0,-8.7135,6.99,-9.14797055725664,7.48766602072373,1,3528,1,0
aging_implicit,ao_1608,283,147,130,0,0,-9.3123,6.0466,-10.1249705572566,5.76766602072373,2,4103,1,0
aging_implicit,ao_1608,284,79.46,50,0,0,2.0532,11.035,7.14452944274336,9.63796602072373,2,3501,1,0
aging_implicit,ao_1608,285,107.24,90,0,0,-3.2757,10.558,-0.120376557256636,11.4149660207237,2,3195,1,0
aging_implicit,ao_1608,286,157.75,130,0,0,-10.232,4.1868,-9.62437055725664,8.00366602072373,2,2824,1,0
aging_implicit,ao_1608,287,83.179,90,0,0,1.3332,11.146,3.61922944274336,11.0709660207237,2,3341,1,0
aging_implicit,ao_1608,288,80.135,50,0,0,1.9277,11.085,4.59582944274336,11.2429660207237,2,3091,1,0
aging_implicit,ao_1608,289,68.005,50,0,0,4.2537,10.531,5.92972944274336,10.0099660207237,2,3772,1,0
aging_implicit,ao_1608,290,93.241,90,0,0,-0.6295,11.116,1.78522944274336,12.0459660207237,2,3188,1,0
aging_implicit,ao_1608,291,168.85,130,0,0,-11.044,2.1777,-10.7679705572566,5.05096602072373,2,2679,1,0
aging_implicit,ao_1608,292,139.13,90,0,0,-8.4147,7.2803,-4.59847055725664,9.78096602072373,2,2679,1,0
aging_implicit,ao_1608,293,155.37,130,0,0,-10.197,4.6759,-8.88597055725664,7.74566602072373,2,2760,1,0
aging_implicit,ao_1608,294,68.885,50,0,0,4.1209,10.671,7.88292944274336,9.17896602072373,2,3237,1,0
aging_implicit,ao_1608,295,132.36,90,0,0,-7.51,8.2374,-5.31297055725664,10.7269660207237,2,3381,1,0
aging_implicit,ao_1608,296,148.02,130,0,0,-9.5027,5.9341,-6.69457055725664,10.8699660207237,2,2600,1,0
aging_implicit,ao_1608,297,73.012,50,0,0,3.3452,10.95,8.21642944274336,8.63426602072373,2,3069,1,0
aging_implicit,ao_1608,298,96.383,90,0,0,-1.2309,11.003,0.522749442743364,11.9879660207237,2,3569,1,0
aging_implicit,ao_1608,299,150.52,130,0,0,-9.7586,5.517,-9.71957055725664,7.43026602072373,2,3585,1,0
aging_implicit,ao_1608,300,70.354,50,0,0,3.8185,10.697,9.21682944274336,9.12196602072373,2,2759,1,0
aging_implicit,ao_1608,427,107.85,90,0,0,-3.4379,10.678,-16.5079705572566,-5.21173397927627,3,4573,0,0
aging_implicit,ao_1608,428,140.49,130,0,0,-8.5293,7.0324,-6.14667055725664,9.89596602072373,3,4116,1,0
aging_implicit,ao_1608,429,49.128,50,0,0,7.4088,8.5614,9.47882944274336,7.22966602072373,3,3816,1,0
aging_implicit,ao_1608,430,146.12,130,0,0,-9.2929,6.2396,-6.12287055725664,11.4439660207237,3,2984,1,0
aging_implicit,ao_1608,431,130.98,90,0,0,-7.3309,8.4384,-4.19347055725664,11.9019660207237,3,3039,1,0
aging_implicit,ao_1608,432,58.1,50,0,0,5.9779,9.6038,9.24062944274336,7.86026602072373,3,2779,1,0
aging_implicit,ao_1608,433,89.867,90,0,0,0.0259,11.161,1.42792944274336,11.7019660207237,3,2979,1,0
aging_implicit,ao_1608,434,148.14,130,0,0,-9.5304,5.9232,-6.93277055725664,10.9559660207237,3,2819,1,0
aging_implicit,ao_1608,435,86.951,50,0,0,0.5997,11.259,5.47722944274336,10.7559660207237,3,3560,1,0
aging_implicit,ao_1608,436,79.841,50,0,0,2.0085,11.209,7.71622944274336,9.35096602072373,3,3079,1,0
aging_implicit,ao_1608,437,175.76,130,0,0,-11.368,0.8426,-9.17177055725664,6.36966602072373,3,3220,1,0
aging_implicit,ao_1608,438,140.23,90,0,0,-8.6781,7.2236,-4.05057055725664,11.5579660207237,3,2845,1,0
aging_implicit,ao_1608,439,117.35,90,0,0,-5.1625,9.9818,-0.620580557256636,12.4179660207237,3,4863,1,0
aging_implicit,ao_1608,440,84.263,50,0,0,1.1164,11.113,7.76382944274336,8.11826602072373,3,3060,1,0
aging_implicit,ao_1608,441,173.4,130,0,0,-11.075,1.281,-9.50527055725664,6.91426602072373,3,3867,1,0
aging_implicit,ao_1608,442,127.11,90,0,0,-6.7147,8.8754,-0.00127955725663582,11.6729660207237,3,2959,1,0
aging_implicit,ao_1608,443,86.337,50,0,0,0.7212,11.264,7.12072944274336,10.0679660207237,3,2994,1,0
aging_implicit,ao_1608,444,131.56,130,0,0,-7.5775,8.5469,-3.40747055725664,12.6189660207237,3,3038,1,0
aging_implicit,ao_1608,571,76.61,50,0,0,2.6135,10.979,6.69202944274336,10.3829660207237,4,3862,1,0
aging_implicit,ao_1608,572,148.34,130,0,0,-9.5088,5.864,-7.45677055725664,9.60896602072373,4,4659,1,0
aging_implicit,ao_1608,573,140.53,90,0,0,-8.6144,7.0946,-2.97867055725664,7.48766602072373,4,3121,0,0
aging_implicit,ao_1608,574,104.26,90,0,0,-2.7816,10.941,1.76132944274336,11.7879660207237,4,3131,1,0
aging_implicit,ao_1608,575,79.952,50,0,0,1.9842,11.199,6.64432944274336,9.49396602072373,4,3475,1,0
aging_implicit,ao_1608,576,177.24,130,0,0,-11.117,0.5362,-10.1009705572566,6.59896602072373,4,3423,1,0
aging_implicit,ao_1608,577,179.76,130,0,0,-11.444,0.0485,-8.24277055725664,8.43366602072373,4,2725,1,0
aging_implicit,ao_1608,578,67.843,50,0,0,4.2547,10.448,8.52612944274336,8.31896602072373,4,3576,1,0
aging_implicit,ao_1608,579,129.55,90,0,0,-7.138,8.6422,-1.12077055725664,12.4469660207237,4,5216,1,0
aging_implicit,ao_1608,580,176.87,130,0,0,-11.273,0.6156,-7.81407055725664,8.86396602072373,4,3024,1,0
aging_implicit,ao_1608,581,46.906,50,0,0,7.7763,8.3116,8.35932944274336,7.88896602072373,4,2870,1,0
aging_implicit,ao_1608,582,94.287,90,0,0,-0.8323,11.102,2.64272944274336,11.2999660207237,4,3178,1,0
aging_implicit,ao_1608,583,127.87,90,0,0,-6.8607,8.8226,-0.644400557256636,11.6439660207237,4,3200,1,0
aging_implicit,ao_1608,584,182.75,130,0,0,-11.267,-0.5404,-6.52777055725664,10.4399660207237,4,2834,1,0
aging_implicit,ao_1608,585,88.382,50,0,0,0.3156,11.174,7.09692944274336,9.69496602072373,4,2899,1,0
aging_implicit,ao_1608,586,124.64,90,0,0,-6.2642,9.0661,0.665669442743364,12.3899660207237,4,5020,1,0
aging_implicit,ao_1608,587,85.613,50,0,0,0.8566,11.166,5.85832944274336,10.9559660207237,4,2850,1,0
aging_implicit,ao_1608,588,178.42,130,0,0,-11.363,0.3134,-6.21817055725664,9.83796602072373,4,2994,1,0
aging_implicit,hd_0310,91,103.12,90,0,0,-2.7259,11.696,-0.987625746384113,12.43749292462,1,6784,1,1
aging_implicit,hd_0310,92,50.114,50,0,0,7.7338,9.254,9.54057425361589,7.59279292462,1,5558,1,1
aging_implicit,hd_0310,93,153.18,130,0,0,-10.743,5.4309,-9.53892574638411,6.47479292462,1,4903,1,1
aging_implicit,hd_0310,94,96.624,90,0,0,-1.3864,11.938,-1.63072574638411,12.75249292462,1,5566,1,1
aging_implicit,hd_0310,95,151.87,130,0,0,-10.604,5.6702,-9.53892574638411,5.72949292462,1,5168,1,1
aging_implicit,hd_0310,96,65.508,50,0,0,5.037,11.057,6.34877425361589,8.88279292462,1,5328,1,1
aging_implicit,hd_0310,97,74.792,50,0,0,3.181,11.701,4.34797425361589,11.23349292462,1,4793,1,1
aging_implicit,hd_0310,98,147.2,130,0,0,-10.196,6.5704,-9.65792574638411,6.44619292462,1,4093,1,1
aging_implicit,hd_0310,99,86.349,90,0,0,0.7685,12.044,2.63297425361589,12.20849292462,1,5605,1,1
aging_implicit,hd_0310,100,50.808,50,0,0,7.6066,9.3293,9.06417425361589,7.90819292462,1,5218,1,1
aging_implicit,hd_0310,101,152.16,130,0,0,-10.665,5.6328,-9.49092574638411,6.79019292462,1,3912,1,1
aging_implicit,hd_0310,102,97.526,90,0,0,-1.5821,11.975,-0.106275746384113,12.15049292462,1,4164,1,1
aging_implicit,hd_0310,103,115.05,90,0,0,-5.1267,10.972,-3.70302574638411,11.54879292462,1,4790,1,1
aging_implicit,hd_0310,104,145.88,130,0,0,-9.9809,6.7624,-9.08622574638411,7.73619292462,1,4050,1,1
aging_implicit,hd_0310,105,52.812,50,0,0,7.2666,9.5775,9.63587425361589,8.08019292462,1,4146,1,1
aging_implicit,hd_0310,106,68.221,50,0,0,4.5065,11.279,7.39687425361589,9.77149292462,1,4255,1,1
aging_implicit,hd_0310,107,99.49,90,0,0,-2.0045,11.991,-0.916125746384113,11.00419292462,1,4216,1,1
aging_implicit,hd_0310,108,135.52,130,0,0,-8.5681,8.414,-6.99012574638411,8.85419292462,1,4088,1,1
aging_implicit,hd_0310,235,48.719,50,0,0,7.9631,9.0702,9.30237425361589,7.70749292462,2,10005,1,1
aging_implicit,hd_0310,236,150.42,130,0,0,-10.549,5.9889,-9.63392574638411,6.79019292462,2,4879,1,1
aging_implicit,hd_0310,237,94.642,90,0,0,-0.9778,12.044,-1.13052574638411,12.03649292462,2,4401,1,1
aging_implicit,hd_0310,238,153.15,130,0,0,-10.713,5.4233,-9.91992574638411,6.33149292462,2,3489,1,1
aging_implicit,hd_0310,239,46.228,50,0,0,8.333,8.6982,9.08807425361589,7.47819292462,2,3619,1,1
aging_implicit,hd_0310,240,95.768,90,0,0,-1.2151,12.028,-0.963825746384113,12.15049292462,2,4073,1,1
aging_implicit,hd_0310,241,146.35,130,0,0,-10.071,6.704,-9.27672574638411,6.76149292462,2,3469,1,1
aging_implicit,hd_0310,242,44.859,50,0,0,8.5705,8.5284,8.82597425361589,7.59279292462,2,3937,1,1
aging_implicit,hd_0310,243,97.686,90,0,0,-1.6088,11.921,-0.939925746384113,11.92149292462,2,4354,1,1
aging_implicit,hd_0310,244,148.83,130,0,0,-10.291,6.2245,-8.89562574638411,7.85079292462,2,3613,1,1
aging_implicit,hd_0310,245,75.731,90,0,0,2.9608,11.642,3.84777425361589,12.46649292462,2,3966,1,1
aging_implicit,hd_0310,246,66.642,50,0,0,4.8073,11.132,5.20547425361589,10.91819292462,2,3944,1,1
aging_implicit,hd_0310,247,150.2,130,0,0,-10.457,5.9893,-9.27672574638411,7.33479292462,2,3781,1,1
aging_implicit,hd_0310,248,53.179,50,0,0,7.1923,9.6067,8.25437425361589,7.76479292462,2,3900,1,1
aging_implicit,hd_0310,249,99.108,90,0,0,-1.9121,11.926,-0.773225746384113,12.89649292462,2,3946,1,1
aging_implicit,hd_0310,250,110.63,90,0,0,-4.2344,11.247,-3.34572574638411,11.66349292462,2,4176,1,1
aging_implicit,hd_0310,251,106.84,130,0,0,-3.4952,11.551,-3.51242574638411,12.29449292462,2,3872,1,1
aging_implicit,hd_0310,252,45.977,50,0,0,8.4239,8.7161,7.94467425361589,7.73619292462,2,3948,1,1
aging_implicit,hd_0310,379,130.05,90,0,0,-7.7993,9.2775,-4.03652574638411,12.92449292462,3,4936,1,1
aging_implicit,hd_0310,380,155,130,0,0,-10.967,5.1135,-9.53892574638411,6.93349292462,3,4389,1,1
aging_implicit,hd_0310,381,51.552,50,0,0,7.537,9.493,9.13567425361589,7.70749292462,3,3971,1,1
aging_implicit,hd_0310,382,80.138,50,0,0,2.0568,11.831,3.29987425361589,11.57749292462,3,4035,1,1
aging_implicit,hd_0310,383,149.02,130,0,0,-10.3,6.1844,-9.41992574638411,6.87619292462,3,3120,1,1
aging_implicit,hd_0310,384,96.327,90,0,0,-1.3257,11.956,-1.01142574638411,12.46649292462,3,3858,1,1
aging_implicit,hd_0310,385,100.75,90,0,0,-2.2571,11.893,-1.48782574638411,12.49449292462,3,3928,1,1
aging_implicit,hd_0310,386,41.102,50,0,0,9.2141,8.0384,8.39727425361589,6.44619292462,3,3632,1,1
aging_implicit,hd_0310,387,118.99,130,0,0,-5.9006,10.648,-2.55972574638411,10.88949292462,3,3789,1,1
aging_implicit,hd_0310,388,138.94,130,0,0,-9.0703,7.9022,-7.25212574638411,8.22349292462,3,3728,1,1
aging_implicit,hd_0310,389,59.516,50,0,0,6.1097,10.379,6.68227425361589,9.48479292462,3,3808,1,1
aging_implicit,hd_0310,390,96.317,90,0,0,-1.3336,12.047,-0.225375746384113,12.43749292462,3,3929,1,1
aging_implicit,hd_0310,391,105.45,90,0,0,-3.2102,11.616,-3.36952574638411,11.74949292462,3,4089,1,1
aging_implicit,hd_0310,392,54.847,50,0,0,6.9639,9.8891,7.89707425361589,8.30949292462,3,3640,1,1
aging_implicit,hd_0310,393,153.03,130,0,0,-10.726,5.4575,-9.68192574638411,6.84749292462,3,3754,1,1
aging_implicit,hd_0310,394,117.8,130,0,0,-5.6318,10.68,-3.27422574638411,12.78149292462,3,3534,1,1
aging_implicit,hd_0310,395,98.946,90,0,0,-1.8695,11.877,0.655946153615887,11.95049292462,3,3918,1,1
aging_implicit,hd_0310,396,72.493,50,0,0,3.6535,11.583,5.75327425361589,9.42749292462,3,4048,1,1
aging_implicit,hd_0310,523,152.73,130,0,0,-10.725,5.5277,-9.37192574638411,6.79019292462,4,4017,1,1
aging_implicit,hd_0310,524,51.704,50,0,0,7.5437,9.5532,9.82647425361589,7.93679292462,4,4450,1,1
aging_implicit,hd_0310,525,99.506,90,0,0,-1.9833,11.845,-0.939925746384113,12.89649292462,4,4970,1,1
aging_implicit,hd_0310,526,146.39,130,0,0,-10.04,6.6723,-9.41992574638411,7.04819292462,4,3909,1,1
aging_implicit,hd_0310,527,49.115,50,0,0,7.8938,9.1177,9.01657425361589,7.42079292462,4,3669,1,1
aging_implicit,hd_0310,528,103.21,90,0,0,-2.7498,11.713,-0.177735746384113,12.03649292462,4,4589,1,1
aging_implicit,hd_0310,529,122.33,130,0,0,-6.4193,10.144,-4.36992574638411,10.94679292462,4,4229,1,1
aging_implicit,hd_0310,530,48.572,50,0,0,7.9663,9.0271,8.92127425361589,7.27749292462,4,3697,1,1
aging_implicit,hd_0310,531,103.34,90,0,0,-2.7881,11.76,-0.701725746384113,12.00749292462,4,4249,1,1
aging_implicit,hd_0310,532,84.672,90,0,0,1.1241,12.053,3.41897425361589,11.97849292462,4,3989,1,1
aging_implicit,hd_0310,533,159.97,130,0,0,-11.448,4.1741,-9.70592574638411,6.81879292462,4,3485,1,1
aging_implicit,hd_0310,534,84.101,50,0,0,1.2462,12.061,3.37137425361589,11.26219292462,4,3729,1,1
aging_implicit,hd_0310,535,56.265,50,0,0,6.7007,10.034,8.27817425361589,6.93349292462,4,3470,1,1
aging_implicit,hd_0310,536,147.6,130,0,0,-10.153,6.4446,-9.39592574638411,8.10879292462,4,5107,1,1
aging_implicit,hd_0310,537,102,90,0,0,-2.5173,11.845,-0.654125746384113,11.80649292462,4,3621,1,1
aging_implicit,hd_0310,538,68.592,50,0,0,4.413,11.256,7.08717425361589,9.71419292462,4,4878,1,1
aging_implicit,hd_0310,539,143.46,130,0,0,-9.6867,7.1791,-9.34822574638411,6.58949292462,4,3549,1,1
aging_implicit,hd_0310,540,100.69,90,0,0,-2.2283,11.808,0.632126253615887,12.35149292462,4,3748,1,1
aging_implicit,hd_0310,139,102.36,90,0,0,-2.3648,10.79,-0.323168069081594,13.4096761751203,1,5591,1,0
aging_implicit,hd_0310,140,48.633,50,0,0,7.433,8.4408,8.82346193091841,8.10597617512035,1,3483,1,0
aging_implicit,hd_0310,141,154.67,130,0,0,-10.153,4.8053,-9.94653806908159,6.55797617512035,1,3005,1,0
aging_implicit,hd_0310,142,95.724,90,0,0,-1.1081,11.055,-0.728138069081595,11.8326761751203,1,3374,1,0
aging_implicit,hd_0310,143,153.68,130,0,0,-9.9767,4.9359,-10.2325380690816,6.35737617512035,1,3351,1,0
aging_implicit,hd_0310,144,61.597,50,0,0,5.563,10.287,5.94136193091841,10.5999761751203,1,3738,1,0
aging_implicit,hd_0310,145,71.323,50,0,0,3.6775,10.879,3.20216193091841,12.5776761751203,1,3823,1,0
aging_implicit,hd_0310,146,148.88,130,0,0,-9.6289,5.8132,-9.61253806908159,6.95937617512035,1,3122,1,0
aging_implicit,hd_0310,147,84.883,90,0,0,0.9946,11.108,0.415231930918406,12.2056761751203,1,3427,1,0
aging_implicit,hd_0310,148,48.064,50,0,0,7.5664,8.4223,8.3709619309184,8.96597617512035,1,4532,1,0
aging_implicit,hd_0310,149,154.31,130,0,0,-10.127,4.8709,-9.77953806908159,6.72997617512035,1,3067,1,0
aging_implicit,hd_0310,150,95.191,90,0,0,-1.0194,11.22,-0.632838069081595,12.5206761751203,1,3338,1,0
aging_implicit,hd_0310,151,114.65,90,0,0,-4.657,10.148,-3.75313806908159,11.7466761751203,1,3464,1,0
aging_implicit,hd_0310,152,147.44,130,0,0,-9.4347,6.0251,-9.66053806908159,7.41797617512035,1,3038,1,0
aging_implicit,hd_0310,153,49.188,50,0,0,7.5068,8.6931,8.96646193091841,7.70467617512035,1,3792,1,0
aging_implicit,hd_0310,154,64.868,50,0,0,4.9011,10.448,5.22676193091841,11.6606761751203,1,3996,1,0
aging_implicit,hd_0310,155,97.485,90,0,0,-1.4649,11.149,-0.156428069081594,12.7786761751203,1,3696,1,0
aging_implicit,hd_0310,156,136.43,130,0,0,-8.0155,7.6249,-8.58853806908159,8.39267617512035,1,3079,1,0
aging_implicit,hd_0310,283,48.543,50,0,0,7.5319,8.5261,8.84736193091841,8.10597617512035,2,5830,1,0
aging_implicit,hd_0310,284,152.58,130,0,0,-10.101,5.2393,-9.18403806908159,6.67267617512035,2,2687,1,0
aging_implicit,hd_0310,285,94.014,90,0,0,-0.7886,11.239,0.129401930918406,12.7496761751203,2,3095,1,0
aging_implicit,hd_0310,286,155.4,130,0,0,-10.213,4.6755,-9.80353806908159,6.87337617512035,2,3039,1,0
aging_implicit,hd_0310,287,44.544,50,0,0,7.9639,7.838,9.08556193091841,6.70137617512035,2,3185,1,0
aging_implicit,hd_0310,288,94.891,90,0,0,-0.949,11.091,-0.609038069081595,11.7466761751203,2,2831,1,0
aging_implicit,hd_0310,289,148.91,130,0,0,-9.7265,5.8655,-9.16013806908159,8.16337617512035,2,2716,1,0
aging_implicit,hd_0310,290,44.668,50,0,0,8.0797,7.9866,9.01406193091841,7.33197617512035,2,2970,1,0
aging_implicit,hd_0310,291,96.868,90,0,0,-1.324,10.993,-0.728138069081595,11.6896761751203,2,2936,1,0
aging_implicit,hd_0310,292,151.23,130,0,0,-9.7941,5.3786,-9.16013806908159,7.36067617512035,2,2912,1,0
aging_implicit,hd_0310,293,74.147,90,0,0,3.0545,10.756,3.96436193091841,11.4596761751203,2,2921,1,0
aging_implicit,hd_0310,294,63.907,50,0,0,5.0092,10.228,4.7265619309184,10.4566761751203,2,3035,1,0
aging_implicit,hd_0310,295,152.17,130,0,0,-9.8825,5.2161,-9.63653806908159,6.07067617512035,2,2799,1,0
aging_implicit,hd_0310,296,51.707,50,0,0,6.8662,8.6963,8.44236193091841,7.38937617512035,2,2940,1,0
aging_implicit,hd_0310,297,98.041,90,0,0,-1.5572,11.023,-1.84763806908159,11.2019761751203,2,2927,1,0
aging_implicit,hd_0310,298,109.71,90,0,0,-3.7607,10.496,-3.87223806908159,11.7466761751203,2,2789,1,0
aging_implicit,hd_0310,299,105.93,130,0,0,-3.0464,10.673,-4.20573806908159,12.2056761751203,2,2869,1,0
aging_implicit,hd_0310,300,44.409,50,0,0,8.1138,7.948,8.58526193091841,7.38937617512035,2,3089,1,0
aging_implicit,hd_0310,427,131.18,90,0,0,-7.4298,8.4928,-4.25333806908159,12.4056761751203,3,3371,1,0
aging_implicit,hd_0310,428,155,130,0,0,-10.184,4.7491,-10.1125380690816,6.24267617512035,3,2869,1,0
aging_implicit,hd_0310,429,49.87,50,0,0,7.2197,8.5647,9.03786193091841,8.24937617512035,3,4087,1,0
aging_implicit,hd_0310,430,78.191,50,0,0,2.2941,10.973,4.36926193091841,11.3453761751203,3,2709,1,0
aging_implicit,hd_0310,431,150.71,130,0,0,-9.7477,5.4686,-9.08873806908159,6.55797617512035,3,2701,1,0
aging_implicit,hd_0310,432,94.253,90,0,0,-0.8296,11.156,-0.847238069081594,12.3776761751203,3,2659,1,0
aging_implicit,hd_0310,433,98.656,90,0,0,-1.6981,11.155,-1.06153806908159,11.7756761751203,3,2985,1,0
aging_implicit,hd_0310,434,40.769,50,0,0,8.6014,7.4163,9.34756193091841,7.15997617512035,3,2969,1,0
aging_implicit,hd_0310,435,118.87,130,0,0,-5.4149,9.8203,-4.18193806908159,12.1476761751203,3,2751,1,0
aging_implicit,hd_0310,436,140.4,130,0,0,-8.5769,7.0958,-8.23123806908159,7.50397617512035,3,2771,1,0
aging_implicit,hd_0310,437,56.701,50,0,0,6.2075,9.4504,8.01366193091841,7.73337617512035,3,3027,1,0
aging_implicit,hd_0310,438,94.903,90,0,0,-0.964,11.239,-0.299348069081595,12.8646761751203,3,3097,1,0
aging_implicit,hd_0310,439,103.88,90,0,0,-2.6641,10.78,-1.82383806908159,11.8326761751203,3,2985,1,0
aging_implicit,hd_0310,440,51.984,50,0,0,6.9558,8.8979,8.68056193091841,7.70467617512035,3,3089,1,0
aging_implicit,hd_0310,441,154.63,130,0,0,-10.052,4.7673,-9.77953806908159,6.84467617512035,3,4007,1,0
aging_implicit,hd_0310,442,117.68,130,0,0,-5.1869,9.8862,-5.2776380690816,11.4026761751203,3,2909,1,0
aging_implicit,hd_0310,443,96.681,90,0,0,-1.3011,11.107,-1.79993806908159,12.4636761751203,3,2987,1,0
aging_implicit,hd_0310,444,68.865,50,0,0,4.1807,10.815,4.98856193091841,10.2846761751203,3,3030,1,0
aging_implicit,hd_0310,571,152.97,130,0,0,-9.9982,5.1018,-9.11253806908159,7.44667617512035,4,2859,1,0
aging_implicit,hd_0310,572,50.587,50,0,0,7.2747,8.8523,8.44236193091841,7.90537617512035,4,3273,1,0
aging_implicit,hd_0310,573,98.425,90,0,0,-1.6211,10.945,-1.13303806908159,11.4026761751203,4,2836,1,0
aging_implicit,hd_0310,574,148.57,130,0,0,-9.5579,5.8414,-9.08873806908159,6.21397617512035,4,2749,1,0
aging_implicit,hd_0310,575,48.829,50,0,0,7.418,8.4822,8.49006193091841,8.22067617512035,4,3045,1,0
aging_implicit,hd_0310,576,102.08,90,0,0,-2.3325,10.898,-1.91903806908159,12.4346761751203,4,3079,1,0
aging_implicit,hd_0310,577,122.97,130,0,0,-5.9971,9.2461,-4.5154380690816,11.0873761751203,4,2913,1,0
aging_implicit,hd_0310,578,48.202,50,0,0,7.4031,8.2805,8.46616193091841,7.44667617512035,4,3101,1,0
aging_implicit,hd_0310,579,102.73,90,0,0,-2.4546,10.867,-1.68083806908159,11.2019761751203,4,2914,1,0
aging_implicit,hd_0310,580,82.633,90,0,0,1.4372,11.116,2.03496193091841,11.8036761751203,4,4302,1,0
aging_implicit,hd_0310,581,161.91,130,0,0,-10.784,3.5229,-10.2085380690816,5.23937617512035,4,2649,1,0
aging_implicit,hd_0310,582,81.364,50,0,0,1.7107,11.264,3.20216193091841,12.1196761751203,4,3197,1,0
aging_implicit,hd_0310,583,55.139,50,0,0,6.4403,9.2454,8.94256193091841,6.44337617512035,4,3189,1,0
aging_implicit,hd_0310,584,148.34,130,0,0,-9.4034,5.7992,-9.61253806908159,5.03867617512035,4,2809,1,0
aging_implicit,hd_0310,585,99.906,90,0,0,-1.9342,11.076,-0.823338069081594,11.3453761751203,4,3285,1,0
aging_implicit,hd_0310,586,65.785,50,0,0,4.634,10.304,6.75116193091841,9.59667617512035,4,2866,1,0
aging_implicit,hd_0310,587,144.09,130,0,0,-9.0373,6.5444,-8.23123806908159,7.53267617512035,4,2730,1,0
aging_implicit,hd_0310,588,98.263,90,0,0,-1.6248,11.188,0.0817619309184056,11.8036761751203,4,4138,1,0
aging_implicit,bz_0427,91,100.67,90,0,0,-2.2325,11.843,-0.926014750666428,12.7479997540161,1,13333,1,1
aging_implicit,bz_0427,92,163.05,130,0,0,-11.85,3.6108,-10.6209147506664,5.35196975401606,1,4789,1,1
aging_implicit,bz_0427,93,42.714,50,0,0,8.9924,8.302,10.3166852493336,4.80730975401606,1,5089,1,1
aging_implicit,bz_0427,94,95.521,90,0,0,-1.1953,12.365,-0.140014750666428,12.7765997540161,1,8969,1,1
aging_implicit,bz_0427,95,89.329,50,0,0,0.1435,12.259,1.81317524933357,12.6905997540161,1,4817,1,1
aging_implicit,bz_0427,96,155.92,130,0,0,-10.977,4.906,-10.2869147506664,5.38063975401606,1,3776,1,1
aging_implicit,bz_0427,97,59.613,50,0,0,6.2386,10.639,7.02968524933357,9.53729975401606,1,5209,1,1
aging_implicit,bz_0427,98,131.45,130,0,0,-8.0762,9.1434,-6.90471475066643,9.62329975401606,1,4953,1,1
aging_implicit,bz_0427,99,93.298,90,0,0,-0.6935,12.033,0.336375249333572,11.4579997540161,1,5797,1,1
aging_implicit,bz_0427,100,95.011,130,0,0,-1.0727,12.233,-2.18851475066643,12.1459997540161,1,4666,1,1
aging_implicit,bz_0427,101,87.34,90,0,0,0.5664,12.191,-0.282914750666428,12.7479997540161,1,4423,1,1
aging_implicit,bz_0427,102,87.76,50,0,0,0.4782,12.226,1.36060524933357,11.7732997540161,1,5069,1,1
aging_implicit,bz_0427,103,51.892,50,0,0,7.6233,9.7195,7.24398524933357,9.56599975401606,1,3905,1,1
aging_implicit,bz_0427,104,132.36,130,0,0,-8.2417,9.0399,-7.42881475066643,9.76659975401606,1,4463,1,1
aging_implicit,bz_0427,105,91.372,90,0,0,-0.2929,12.231,0.074355249333572,12.0312997540161,1,6341,1,1
aging_implicit,bz_0427,106,127.21,90,0,0,-7.3602,9.6917,-5.97581475066643,10.8272997540161,1,4563,1,1
aging_implicit,bz_0427,107,99.36,130,0,0,-1.9693,11.948,-2.11701475066643,11.6299997540161,1,5829,1,1
aging_implicit,bz_0427,108,81.515,50,0,0,1.7839,11.958,2.07518524933357,12.9199997540161,1,5761,1,1
aging_implicit,bz_0427,235,161.85,130,0,0,-11.511,3.7747,-9.50091475066643,5.38063975401606,2,7321,1,1
aging_implicit,bz_0427,236,92.649,90,0,0,-0.5549,11.993,0.0981752493335719,12.0025997540161,2,4331,1,1
aging_implicit,bz_0427,237,32.022,50,0,0,10.391,6.499,10.4119852493336,4.86463975401606,2,4867,1,1
aging_implicit,bz_0427,238,90.785,90,0,0,-0.1663,12.13,0.574565249333572,11.8305997540161,2,4337,1,1
aging_implicit,bz_0427,239,156.61,130,0,0,-11.062,4.7836,-9.66791475066643,6.52729975401606,2,5057,1,1
aging_implicit,bz_0427,240,36.932,50,0,0,9.6373,7.2444,11.1740852493336,4.83596975401606,2,5057,1,1
aging_implicit,bz_0427,241,80.03,50,0,0,2.0975,11.932,2.59918524933357,11.6585997540161,2,4929,1,1
aging_implicit,bz_0427,242,93.694,130,0,0,-0.7856,12.167,-2.02171475066643,12.2319997540161,2,6385,1,1
aging_implicit,bz_0427,243,85.914,90,0,0,0.8551,11.97,-0.163814750666428,11.6299997540161,2,4207,1,1
aging_implicit,bz_0427,244,115.96,90,0,0,-5.2836,10.854,-5.04681475066643,10.9705997540161,2,6001,1,1
aging_implicit,bz_0427,245,97.13,130,0,0,-1.4907,11.918,-2.11701475066643,11.6012997540161,2,6195,1,1
aging_implicit,bz_0427,246,36.118,50,0,0,9.7575,7.1201,10.1023852493336,4.17663975401606,2,4895,1,1
aging_implicit,bz_0427,247,54.234,50,0,0,7.0952,9.8502,6.76758524933357,9.70929975401606,2,6600,1,1
aging_implicit,bz_0427,248,120.66,130,0,0,-6.1327,10.346,-6.59511475066643,9.42259975401606,2,5922,1,1
aging_implicit,bz_0427,249,88.209,90,0,0,0.3776,12.073,-0.211514750666428,12.4039997540161,2,7195,1,1
aging_implicit,bz_0427,250,78.952,50,0,0,2.3201,11.882,1.86081524933357,12.0025997540161,2,6311,1,1
aging_implicit,bz_0427,251,120.65,130,0,0,-6.1717,10.413,-6.92851475066643,9.10729975401606,2,5228,1,1
aging_implicit,bz_0427,252,60.895,90,0,0,5.9834,10.748,6.62468524933357,9.99599975401606,2,5111,1,1
aging_implicit,bz_0427,379,96.037,90,0,0,-1.2733,12.039,0.384015249333572,12.3179997540161,3,14993,1,1
aging_implicit,bz_0427,380,65.45,50,0,0,5.0193,10.988,0.0981752493335719,6.92859975401606,3,4869,0,1
aging_implicit,bz_0427,381,143.51,130,0,0,-9.8564,7.2917,-7.92901475066643,8.24729975401606,3,3969,1,1
aging_implicit,bz_0427,382,148.83,130,0,0,-10.522,6.3643,-8.35771475066643,7.32999975401606,3,22937,1,1
aging_implicit,bz_0427,383,62.251,50,0,0,5.7168,10.866,8.33968524933357,7.78859975401606,3,5591,1,1
aging_implicit,bz_0427,384,97.438,90,0,0,-1.5617,11.962,-0.259114750666428,11.7445997540161,3,5019,1,1
aging_implicit,bz_0427,385,100.47,90,0,0,-2.226,12.044,-0.664014750666428,11.8305997540161,3,4521,1,1
aging_implicit,bz_0427,386,141.39,130,0,0,-9.5583,7.633,-6.66651475066643,10.0532997540161,3,3780,1,1
aging_implicit,bz_0427,387,62.265,50,0,0,5.6815,10.806,7.24398524933357,9.04999975401606,3,4418,1,1
aging_implicit,bz_0427,388,63.548,50,0,0,5.3905,10.834,6.93438524933357,10.1679997540161,3,5088,1,1
aging_implicit,bz_0427,389,130.64,130,0,0,-7.8934,9.1955,-6.69031475066643,9.53729975401606,3,4704,1,1
aging_implicit,bz_0427,390,92.734,90,0,0,-0.5781,12.106,0.336375249333572,12.0885997540161,3,4998,1,1
aging_implicit,bz_0427,391,59.82,50,0,0,6.0705,10.438,7.43458524933357,8.93529975401606,3,5336,1,1
aging_implicit,bz_0427,392,93.974,90,0,0,-0.8328,11.986,0.074355249333572,11.7159997540161,3,4656,1,1
aging_implicit,bz_0427,393,137.04,130,0,0,-8.9683,8.351,-7.40491475066643,10.9419997540161,3,4120,1,1
aging_implicit,bz_0427,394,59.328,50,0,0,6.1225,10.323,8.43498524933357,7.15799975401606,3,4442,1,1
aging_implicit,bz_0427,395,94.089,90,0,0,-0.8586,12.009,0.169635249333572,12.4612997540161,3,4036,1,1
aging_implicit,bz_0427,396,139.09,130,0,0,-9.1469,7.9251,-6.88091475066643,9.27929975401606,3,4555,1,1
aging_implicit,bz_0427,523,103.41,90,0,0,-2.7998,11.744,0.193455249333572,11.6872997540161,4,6253,1,1
aging_implicit,bz_0427,524,66.25,50,0,0,4.9305,11.205,7.60128524933357,8.73459975401606,4,3781,1,1
aging_implicit,bz_0427,525,131.98,130,0,0,-8.1558,9.0632,-6.78561475066643,9.33659975401606,4,4339,1,1
aging_implicit,bz_0427,526,63.164,50,0,0,5.5141,10.899,6.88668524933357,9.70929975401606,4,5153,1,1
aging_implicit,bz_0427,527,130.24,130,0,0,-7.7528,9.1628,-6.73801475066643,9.88129975401606,4,5021,1,1
aging_implicit,bz_0427,528,58.296,90,0,0,6.3181,10.228,5.29078524933357,11.2285997540161,4,4419,1,1
aging_implicit,bz_0427,529,126.49,90,0,0,-7.2712,9.8291,-4.92771475066643,11.2572997540161,4,4537,1,1
aging_implicit,bz_0427,530,62.132,50,0,0,5.694,10.769,6.95818524933357,8.99259975401606,4,4604,1,1
aging_implicit,bz_0427,531,133.5,130,0,0,-8.4157,8.8668,-12.2879147506664,7.58799975401606,4,4335,0,1
aging_implicit,bz_0427,532,62.446,50,0,0,5.5645,10.665,1.00331824933357,8.82059975401606,4,4158,0,1
aging_implicit,bz_0427,533,132.56,130,0,0,-8.1752,8.9042,-6.47601475066643,10.0532997540161,4,4185,1,1
aging_implicit,bz_0427,534,53.744,90,0,0,7.1226,9.7118,6.29128524933357,10.6552997540161,4,4998,1,1
aging_implicit,bz_0427,535,169.38,130,0,0,-11.854,2.2227,-9.54891475066643,5.20863975401606,4,4872,1,1
aging_implicit,bz_0427,536,90.56,90,0,0,-0.1192,12.191,0.074355249333572,11.9739997540161,4,3620,1,1
aging_implicit,bz_0427,537,66.847,50,0,0,4.862,11.37,7.02968524933357,9.10729975401606,4,4347,1,1
aging_implicit,bz_0427,538,128,130,0,0,-7.5679,9.6878,-7.11911475066643,9.73799975401606,4,4080,1,1
aging_implicit,bz_0427,539,89.464,50,0,0,0.1136,12.152,-3.92731475066643,11.0852997540161,4,5283,1,1
aging_implicit,bz_0427,540,94.669,90,0,0,-0.9837,12.044,-0.0685147506664281,14.0665997540161,4,5300,1,1
aging_implicit,bz_0427,139,99.207,90,0,0,-1.7774,10.965,0.253804907587723,13.5080737616457,1,20712,1,0
aging_implicit,bz_0427,140,162.54,130,0,0,-10.994,3.4569,-9.29828509241228,5.28077376164574,1,3845,1,0
aging_implicit,bz_0427,141,43.175,50,0,0,8.2822,7.7706,10.3771149075877,4.44937376164574,1,3711,1,0
aging_implicit,bz_0427,142,96.578,90,0,0,-1.3553,11.754,-0.294085092412277,12.3900737616457,1,2955,1,0
aging_implicit,bz_0427,143,86.856,50,0,0,0.6275,11.423,-0.222585092412277,1.35341376164574,1,2591,0,0
aging_implicit,bz_0427,144,155.21,130,0,0,-10.21,4.7154,0.539644907587723,0.89474376164574,1,2979,0,0
aging_implicit,bz_0427,145,56.499,50,0,0,6.4965,9.8146,10.4962149075877,4.87937376164574,1,4873,1,0
aging_implicit,bz_0427,146,134.34,130,0,0,-8.1367,8.3249,-7.70188509241228,9.26537376164574,1,2813,1,0
aging_implicit,bz_0427,147,90.081,90,0,0,-0.0161,11.324,-0.174985092412277,12.4760737616457,1,2445,1,0
aging_implicit,bz_0427,148,93.712,130,0,0,-0.7519,11.589,-2.00908509241228,12.0460737616457,1,3071,1,0
aging_implicit,bz_0427,149,86.366,90,0,0,0.7123,11.216,-0.0319850924122767,11.6160737616457,1,3427,1,0
aging_implicit,bz_0427,150,85.396,50,0,0,0.917,11.388,1.87353490758772,11.5300737616457,1,2569,1,0
aging_implicit,bz_0427,151,50.334,50,0,0,7.4384,8.9703,7.06621490758772,8.63477376164574,1,3193,1,0
aging_implicit,bz_0427,152,135.98,130,0,0,-8.3499,8.0695,-9.79828509241228,5.65337376164574,1,3989,1,0
aging_implicit,bz_0427,153,89.958,90,0,0,0.0084,11.334,-1.00858509241228,12.3900737616457,1,4329,1,0
aging_implicit,bz_0427,154,126.2,90,0,0,-6.6769,9.1231,-5.46288509241228,10.8420737616457,1,2609,1,0
aging_implicit,bz_0427,155,96.612,130,0,0,-1.3094,11.296,-2.00908509241228,11.7307737616457,1,2466,1,0
aging_implicit,bz_0427,156,78.088,50,0,0,2.3903,11.331,1.89735490758772,12.7340737616457,1,4471,1,0
aging_implicit,bz_0427,283,162.48,130,0,0,-10.702,3.3779,-9.41728509241228,5.30937376164574,2,3808,1,0
aging_implicit,bz_0427,284,91.762,90,0,0,-0.3409,11.082,0.563464907587723,12.2470737616457,2,4719,1,0
aging_implicit,bz_0427,285,33.101,50,0,0,9.677,6.3087,10.9487149075877,4.13407376164574,2,3105,1,0
aging_implicit,bz_0427,286,89.464,90,0,0,0.106,11.337,0.730194907587723,11.4440737616457,2,4295,1,0
aging_implicit,bz_0427,287,155.8,130,0,0,-10.267,4.6141,-9.96428509241228,5.76807376164574,2,4503,1,0
aging_implicit,bz_0427,288,37.577,50,0,0,8.9585,6.8932,10.7105149075877,4.42077376164574,2,3480,1,0
aging_implicit,bz_0427,289,76.452,50,0,0,2.7003,11.206,2.39751490758772,11.8450737616457,2,3146,1,0
aging_implicit,bz_0427,290,92.01,130,0,0,-0.3969,11.309,-2.36628509241228,12.3900737616457,2,2905,1,0
aging_implicit,bz_0427,291,84.225,90,0,0,1.1378,11.251,0.754014907587723,12.0460737616457,2,2559,1,0
aging_implicit,bz_0427,292,116.87,90,0,0,-5.0312,9.9303,-4.91498509241228,11.3867737616457,2,2601,1,0
aging_implicit,bz_0427,293,95.825,130,0,0,-1.1217,10.995,-2.34248509241228,11.9030737616457,2,3641,1,0
aging_implicit,bz_0427,294,37.436,50,0,0,8.8572,6.7806,10.5676149075877,4.53537376164574,2,3733,1,0
aging_implicit,bz_0427,295,55.678,50,0,0,6.4856,9.4998,6.61361490758772,9.49477376164574,2,3997,1,0
aging_implicit,bz_0427,296,120.67,130,0,0,-5.737,9.6726,-6.22508509241228,10.4407737616457,2,3729,1,0
aging_implicit,bz_0427,297,85.494,90,0,0,0.8894,11.285,-0.579885092412277,11.5873737616457,2,2609,1,0
aging_implicit,bz_0427,298,76.085,50,0,0,2.7283,11.012,2.13554490758772,12.2750737616457,2,2985,1,0
aging_implicit,bz_0427,299,121.19,130,0,0,-5.8347,9.6376,-6.86818509241228,9.89607376164574,2,3551,1,0
aging_implicit,bz_0427,300,60.62,90,0,0,5.5496,9.857,5.85141490758772,11.1860737616457,2,2979,1,0
aging_implicit,bz_0427,427,94.782,90,0,0,-0.9294,11.11,0.587284907587723,12.3330737616457,3,4236,1,0
aging_implicit,bz_0427,428,64.259,50,0,0,4.9426,10.251,7.49491490758772,9.60937376164574,3,3328,1,0
aging_implicit,bz_0427,429,142.68,130,0,0,-9.1525,6.9768,-7.34458509241228,9.95337376164574,3,3489,1,0
aging_implicit,bz_0427,430,146.29,130,0,0,-9.5433,6.367,-9.56028509241228,5.30937376164574,3,2968,1,0
aging_implicit,bz_0427,431,62.437,50,0,0,5.3448,10.24,1.92117490758772,8.20477376164574,3,3520,0,0
aging_implicit,bz_0427,432,96.972,90,0,0,-1.3475,11.019,-0.0796850924122767,11.7020737616457,3,2986,1,0
aging_implicit,bz_0427,433,98.654,90,0,0,-1.7281,11.354,0.396724907587723,11.8170737616457,3,3064,1,0
aging_implicit,bz_0427,434,141.5,130,0,0,-8.8575,7.0452,-7.46368509241228,9.81007376164574,3,3502,1,0
aging_implicit,bz_0427,435,61.733,50,0,0,5.4177,10.076,7.44731490758772,8.52007376164574,3,3885,1,0
aging_implicit,bz_0427,436,63.478,50,0,0,4.969,9.9569,7.20911490758772,8.77807376164574,3,3167,1,0
aging_implicit,bz_0427,437,130.82,130,0,0,-7.2985,8.4502,-6.70148509241228,9.32277376164574,3,3647,1,0
aging_implicit,bz_0427,438,93.301,90,0,0,-0.6421,11.132,0.682554907587723,11.7307737616457,3,3201,1,0
aging_implicit,bz_0427,439,59.642,50,0,0,5.743,9.805,8.04281490758772,8.17607376164574,3,3571,1,0
aging_implicit,bz_0427,440,93.376,90,0,0,-0.6598,11.183,0.158514907587723,12.2750737616457,3,4411,1,0
aging_implicit,bz_0427,441,136.9,130,0,0,-8.3987,7.8586,-7.58278509241228,8.86407376164574,3,3619,1,0
aging_implicit,bz_0427,442,58.374,50,0,0,5.9003,9.5809,2.15936490758772,8.83537376164574,3,3657,0,0
aging_implicit,bz_0427,443,94.395,90,0,0,-0.8519,11.083,0.539644907587723,12.2470737616457,3,3593,1,0
aging_implicit,bz_0427,444,139.05,130,0,0,-8.4622,7.3439,-7.15408509241228,9.38007376164574,3,3221,1,0
aging_implicit,bz_0427,571,103.65,90,0,0,-2.6407,10.875,0.0156149075877234,12.2750737616457,4,3584,1,0
aging_implicit,bz_0427,572,65.329,50,0,0,4.839,10.535,7.11381490758772,9.12207376164574,4,2814,1,0
aging_implicit,bz_0427,573,132.88,130,0,0,-7.8073,8.4076,-7.32078509241228,8.86407376164574,4,2974,1,0
aging_implicit,bz_0427,574,61.841,50,0,0,5.3832,10.057,6.87561490758772,8.86407376164574,4,2910,1,0
aging_implicit,bz_0427,575,131.29,130,0,0,-7.2751,8.2845,-7.15408509241228,10.0680737616457,4,2794,1,0
aging_implicit,bz_0427,576,61.412,90,0,0,5.525,10.139,6.23251490758772,10.1827737616457,4,3630,1,0
aging_implicit,bz_0427,577,127.72,90,0,0,-6.9228,8.9502,-5.41518509241228,11.5873737616457,4,3003,1,0
aging_implicit,bz_0427,578,61.743,50,0,0,5.3974,10.042,6.75651490758772,8.72077376164574,4,3228,1,0
aging_implicit,bz_0427,579,134.18,130,0,0,-8.0138,8.2451,-7.10638509241228,9.46607376164574,4,3224,1,0
aging_implicit,bz_0427,580,61.405,50,0,0,5.44,9.9797,6.97091490758772,8.72077376164574,4,3430,1,0
aging_implicit,bz_0427,581,132.11,130,0,0,-7.5658,8.3699,-10.0362850924123,4.96537376164574,4,2969,1,0
aging_implicit,bz_0427,582,55.512,90,0,0,6.476,9.4269,5.42261490758772,11.3007737616457,4,3810,1,0
aging_implicit,bz_0427,583,168.58,130,0,0,-10.953,2.213,-10.1552850924123,5.59607376164574,4,5550,1,0
aging_implicit,bz_0427,584,87.077,90,0,0,0.5918,11.59,0.301444907587723,11.7590737616457,4,3391,1,0
aging_implicit,bz_0427,585,63.942,50,0,0,5.2109,10.657,6.75651490758772,10.9280737616457,4,4395,1,0
aging_implicit,bz_0427,586,128.79,130,0,0,-7.1981,8.9554,-7.27318509241228,9.75277376164574,4,3169,1,0
aging_implicit,bz_0427,587,85.357,50,0,0,0.9425,11.604,1.32568490758772,13.1930737616457,4,3409,1,0
aging_implicit,bz_0427,588,93.831,90,0,0,-0.7562,11.293,0.0156149075877234,12.4760737616457,4,3587,1,0
aging_implicit,mw_2510,91,106.83,90,0,0,-3.4881,11.528,0.0853133727991214,11.6048667765114,1,9417,1,1
aging_implicit,mw_2510,92,49.982,50,0,0,7.8209,9.3145,7.46935337279912,9.33986677651136,1,5328,1,1
aging_implicit,mw_2510,93,144.64,130,0,0,-9.8525,6.9925,-9.53774662720088,6.21516677651137,1,4249,1,1
aging_implicit,mw_2510,94,103.13,90,0,0,-2.7295,11.699,-4.29744662720088,10.8018667765114,1,4304,1,1
aging_implicit,mw_2510,95,113.29,130,0,0,-4.81,11.177,-4.58334662720088,10.9738667765114,1,3750,1,1
aging_implicit,mw_2510,96,69.469,50,0,0,4.2483,11.344,3.77735337279912,11.3178667765114,1,3436,1,1
aging_implicit,mw_2510,97,127.64,130,0,0,-7.3534,9.5342,-8.89464662720088,8.04986677651137,1,3529,1,1
aging_implicit,mw_2510,98,40.514,50,0,0,9.2352,7.8916,10.7328533727991,7.13256677651136,1,3458,1,1
aging_implicit,mw_2510,99,97.218,90,0,0,-1.5238,12.032,-3.15414662720088,11.9488667765114,1,3429,1,1
aging_implicit,mw_2510,100,72.885,50,0,0,3.6013,11.695,3.70585337279912,11.5188667765114,1,3389,1,1
aging_implicit,mw_2510,101,127.42,130,0,0,-7.3323,9.585,-7.91804662720088,9.11086677651137,1,3409,1,1
aging_implicit,mw_2510,102,102.14,90,0,0,-2.5606,11.901,-3.58284662720088,11.6048667765114,1,3169,1,1
aging_implicit,mw_2510,103,70.833,50,0,0,4.0193,11.563,4.08695337279912,11.3468667765114,1,3069,1,1
aging_implicit,mw_2510,104,120.66,130,0,0,-6.1596,10.39,-6.70324662720088,9.97086677651136,1,3069,1,1
aging_implicit,mw_2510,105,94.106,90,0,0,-0.868,12.09,-2.82064662720088,11.8908667765114,1,3129,1,1
aging_implicit,mw_2510,106,126.27,130,0,0,-7.1673,9.7671,-8.15624662720088,8.53686677651137,1,2989,1,1
aging_implicit,mw_2510,107,55.965,50,0,0,6.8035,10.073,5.03975337279912,10.8588667765114,1,3009,1,1
aging_implicit,mw_2510,108,90.273,90,0,0,-0.0576,12.081,-1.84404662720088,12.3498667765114,1,3089,1,1
aging_implicit,mw_2510,235,65.102,50,0,0,5.1466,11.088,6.58805337279912,9.65486677651136,2,5989,1,1
aging_implicit,mw_2510,236,137.77,130,0,0,-9.0305,8.1967,-9.77594662720088,6.75986677651136,2,4109,1,1
aging_implicit,mw_2510,237,93.795,90,0,0,-0.7952,11.989,-2.32044662720088,11.6908667765114,2,4209,1,1
aging_implicit,mw_2510,238,111.12,130,0,0,-4.3842,11.35,-10.5619466272009,7.39056677651137,2,5633,1,1
aging_implicit,mw_2510,239,62.886,50,0,0,5.4917,10.725,6.73095337279912,10.3718667765114,2,5717,1,1
aging_implicit,mw_2510,240,89.356,90,0,0,0.1355,12.062,-0.367256627200879,11.5188667765114,2,5544,1,1
aging_implicit,mw_2510,241,89.893,90,0,0,0.0228,12.175,-0.462536627200879,12.0918667765114,2,6623,1,1
aging_implicit,mw_2510,242,58.782,50,0,0,6.3445,10.469,5.53995337279912,10.8308667765114,2,4716,1,1
aging_implicit,mw_2510,243,109.62,130,0,0,-4.0673,11.409,-4.63094662720088,11.2608667765114,2,3880,1,1
aging_implicit,mw_2510,244,81.294,90,0,0,1.8259,11.924,2.63395337279912,11.2318667765114,2,4066,1,1
aging_implicit,mw_2510,245,70.485,50,0,0,4.0138,11.325,4.25375337279912,11.3468667765114,2,4065,1,1
aging_implicit,mw_2510,246,126.12,130,0,0,-7.0884,9.7143,-9.39484662720088,8.13586677651136,2,3569,1,1
aging_implicit,mw_2510,247,92.051,90,0,0,-0.4314,12.044,-2.20134662720088,11.4898667765114,2,3529,1,1
aging_implicit,mw_2510,248,119.24,130,0,0,-5.9198,10.573,-6.98904662720088,9.71286677651137,2,3749,1,1
aging_implicit,mw_2510,249,65.467,50,0,0,5.041,11.044,4.75395337279912,10.7448667765114,2,3315,1,1
aging_implicit,mw_2510,250,53.019,50,0,0,7.3286,9.732,8.51735337279912,8.45086677651136,2,3551,1,1
aging_implicit,mw_2510,251,115.35,130,0,0,-5.1404,10.848,-6.72704662720088,10.0278667765114,2,3309,1,1
aging_implicit,mw_2510,252,80.919,90,0,0,1.9016,11.897,2.51485337279912,11.5468667765114,2,3229,1,1
aging_implicit,mw_2510,379,95.513,90,0,0,-1.1668,12.089,-0.557816627200879,12.1778667765114,3,4109,1,1
aging_implicit,mw_2510,380,143.68,130,0,0,-9.8154,7.2161,-9.84744662720088,6.90316677651136,3,3229,1,1
aging_implicit,mw_2510,381,45.036,50,0,0,8.492,8.5027,10.1608533727991,6.58786677651137,3,4449,1,1
aging_implicit,mw_2510,382,68.847,50,0,0,4.3653,11.282,4.39665337279912,11.0028667765114,3,3349,1,1
aging_implicit,mw_2510,383,86.378,90,0,0,0.7736,12.222,-0.629274727200879,11.6908667765114,3,3149,1,1
aging_implicit,mw_2510,384,121.38,130,0,0,-6.251,10.25,-4.05924662720088,11.1168667765114,3,3049,1,1
aging_implicit,mw_2510,385,86.416,50,0,0,0.7566,12.079,5.42085337279912,10.6868667765114,3,5309,1,1
aging_implicit,mw_2510,386,88.107,90,0,0,0.399,12.069,0.228223372799121,11.9768667765114,3,3929,1,1
aging_implicit,mw_2510,387,113,130,0,0,-4.7362,11.158,-4.63094662720088,11.6328667765114,3,3349,1,1
aging_implicit,mw_2510,388,71.115,50,0,0,3.9318,11.493,3.82495337279912,11.3178667765114,3,3169,1,1
aging_implicit,mw_2510,389,134.96,130,0,0,-8.6827,8.6946,-9.91884662720088,6.73116677651137,3,3010,1,1
aging_implicit,mw_2510,390,104.56,90,0,0,-3.0702,11.825,-3.91634662720088,11.1748667765114,3,3269,1,1
aging_implicit,mw_2510,391,88.981,90,0,0,0.2163,12.166,-0.676913627200879,12.1488667765114,3,3389,1,1
aging_implicit,mw_2510,392,119.15,130,0,0,-5.9716,10.709,-5.44084662720088,11.0598667765114,3,3130,1,1
aging_implicit,mw_2510,393,72.123,50,0,0,3.7386,11.591,3.99165337279912,11.1458667765114,3,2930,1,1
aging_implicit,mw_2510,394,122.81,130,0,0,-6.5088,10.096,-8.48964662720088,8.65186677651136,3,2970,1,1
aging_implicit,mw_2510,395,97.608,90,0,0,-1.5892,11.898,-2.17754662720088,12.1488667765114,3,2889,1,1
aging_implicit,mw_2510,396,47.482,50,0,0,8.2242,8.9694,10.1848533727991,6.84586677651136,3,3158,1,1
aging_implicit,mw_2510,523,55.65,50,0,0,6.7979,9.9467,8.96995337279912,8.10686677651136,4,4598,1,1
aging_implicit,mw_2510,524,97.916,90,0,0,-1.6555,11.906,-4.24984662720088,10.8588667765114,4,3392,1,1
aging_implicit,mw_2510,525,111.95,130,0,0,-4.5024,11.173,-5.41694662720088,10.7728667765114,4,3169,1,1
aging_implicit,mw_2510,526,91.917,90,0,0,-0.4052,12.108,0.228223372799121,11.6908667765114,4,3149,1,1
aging_implicit,mw_2510,527,45.857,50,0,0,8.4128,8.6683,9.94685337279912,6.47316677651136,4,3248,1,1
aging_implicit,mw_2510,528,134.66,130,0,0,-8.5221,8.6239,-9.89504662720088,6.35856677651137,4,3029,1,1
aging_implicit,mw_2510,529,100.92,90,0,0,-2.3252,12.057,-3.63054662720088,11.2028667765114,4,2989,1,1
aging_implicit,mw_2510,530,120.89,130,0,0,-6.1741,10.322,-5.75044662720088,10.4288667765114,4,2929,1,1
aging_implicit,mw_2510,531,70.997,50,0,0,4.0018,11.62,3.72965337279912,11.1748667765114,4,2849,1,1
aging_implicit,mw_2510,532,140.96,130,0,0,-9.324,7.56,-10.2285466272009,6.32986677651136,4,2910,1,1
aging_implicit,mw_2510,533,43.932,50,0,0,8.7566,8.436,10.4948533727991,5.64186677651136,4,2909,1,1
aging_implicit,mw_2510,534,77.808,90,0,0,2.6011,12.039,3.96785337279912,11.4038667765114,4,2889,1,1
aging_implicit,mw_2510,535,93.604,90,0,0,-0.7679,12.193,-0.200526627200879,12.1208667765114,4,3129,1,1
aging_implicit,mw_2510,536,112.73,130,0,0,-4.7453,11.325,-3.58284662720088,11.2608667765114,4,3097,1,1
aging_implicit,mw_2510,537,70.94,50,0,0,3.9309,11.378,3.63445337279912,11.5188667765114,4,2890,1,1
aging_implicit,mw_2510,538,123.16,130,0,0,-6.5767,10.065,-7.98944662720088,9.11086677651137,4,3010,1,1
aging_implicit,mw_2510,539,59.353,50,0,0,6.1698,10.413,7.46935337279912,9.16786677651136,4,2824,1,1
aging_implicit,mw_2510,540,92.167,90,0,0,-0.4548,12.018,-3.03504662720088,11.9488667765114,4,3009,1,1
aging_implicit,mw_2510,139,107.08,90,0,0,-3.2646,10.627,-1.82817782825052,12.0658042626841,1,3500,1,0
aging_implicit,mw_2510,140,50.712,50,0,0,7.2335,8.8415,9.96242217174948,6.18880426268407,1,2929,1,0
aging_implicit,mw_2510,141,145,130,0,0,-9.1607,6.4149,-8.85447782825052,8.51080426268407,1,4379,1,0
aging_implicit,mw_2510,142,100.94,90,0,0,-2.1175,10.954,-4.06727782825052,11.6068042626841,1,2829,1,0
aging_implicit,mw_2510,143,114.01,130,0,0,-4.6124,10.353,-5.30587782825052,11.1198042626841,1,6173,1,0
aging_implicit,mw_2510,144,66.369,50,0,0,4.626,10.573,5.48432217174948,10.9188042626841,1,3984,1,0
aging_implicit,mw_2510,145,128.54,130,0,0,-6.9053,8.6695,-7.52107782825052,9.59980426268407,1,5731,1,0
aging_implicit,mw_2510,146,42.219,50,0,0,8.302,7.5327,7.38992217174948,9.11280426268407,1,6435,1,0
aging_implicit,mw_2510,147,95.148,90,0,0,-1.0172,11.291,-0.518177828250523,11.9798042626841,1,5089,1,0
aging_implicit,mw_2510,148,70.295,50,0,0,3.8954,10.876,5.07942217174948,10.7758042626841,1,4669,1,0
aging_implicit,mw_2510,149,128.36,130,0,0,-6.888,8.7017,-9.33147782825052,6.67610426268407,1,4010,1,0
aging_implicit,mw_2510,150,99.301,90,0,0,-1.8645,11.384,-3.23357782825052,11.5208042626841,1,4330,1,0
aging_implicit,mw_2510,151,68.15,50,0,0,4.2505,10.6,4.93652217174948,10.8618042626841,1,4809,1,0
aging_implicit,mw_2510,152,120.57,130,0,0,-5.6762,9.6076,-7.18757782825052,9.34210426268407,1,4109,1,0
aging_implicit,mw_2510,153,91.122,90,0,0,-0.2245,11.462,-0.756377828250523,11.8078042626841,1,4911,1,0
aging_implicit,mw_2510,154,125.72,130,0,0,-6.55,9.107,-4.30547782825052,9.62880426268407,1,5939,1,0
aging_implicit,mw_2510,155,55.849,50,0,0,6.4002,9.4349,8.43792217174948,8.68280426268407,1,6129,1,0
aging_implicit,mw_2510,156,88.695,90,0,0,0.256,11.235,-3.16207782825052,11.8938042626841,1,3989,1,0
aging_implicit,mw_2510,283,64.437,50,0,0,4.8488,10.137,7.89012217174948,9.22750426268407,2,3074,1,0
aging_implicit,mw_2510,284,138.37,130,0,0,-8.4796,7.5371,-9.68847782825052,7.19210426268407,2,2709,1,0
aging_implicit,mw_2510,285,93.463,90,0,0,-0.6797,11.232,-0.422877828250523,12.0938042626841,2,3074,1,0
aging_implicit,mw_2510,286,112,130,0,0,-4.2269,10.462,-6.11567782825052,10.4888042626841,2,2902,1,0
aging_implicit,mw_2510,287,62.147,50,0,0,5.2797,9.9914,7.60432217174948,9.19880426268407,2,2940,1,0
aging_implicit,mw_2510,288,89.852,90,0,0,0.0286,11.087,0.172622171749477,12.5238042626841,2,2906,1,0
aging_implicit,mw_2510,289,89.729,90,0,0,0.0534,11.295,-1.18507782825052,12.2088042626841,2,2969,1,0
aging_implicit,mw_2510,290,58.723,50,0,0,5.981,9.8458,8.60472217174948,9.39950426268407,2,2752,1,0
aging_implicit,mw_2510,291,110.3,130,0,0,-3.8676,10.458,-5.06767782825052,10.8328042626841,2,2747,1,0
aging_implicit,mw_2510,292,81.515,90,0,0,1.6611,11.135,3.86462217174948,11.2058042626841,2,2728,1,0
aging_implicit,mw_2510,293,69.17,50,0,0,3.9643,10.42,5.03182217174948,11.0618042626841,2,2749,1,0
aging_implicit,mw_2510,294,128.06,130,0,0,-6.9138,8.8313,-7.68777782825052,9.14150426268407,2,2589,1,0
aging_implicit,mw_2510,295,91.374,90,0,0,-0.2685,11.193,-0.827777828250523,12.3238042626841,2,2749,1,0
aging_implicit,mw_2510,296,120.19,130,0,0,-5.6207,9.6623,-5.68697782825052,10.5178042626841,2,2609,1,0
aging_implicit,mw_2510,297,63.753,50,0,0,4.9945,10.129,6.67532217174948,9.54280426268407,2,2708,1,0
aging_implicit,mw_2510,298,53.519,50,0,0,6.717,9.0837,7.81862217174948,9.11280426268407,2,2829,1,0
aging_implicit,mw_2510,299,116.82,130,0,0,-4.9882,9.8671,-5.32967782825052,10.5748042626841,2,2769,1,0
aging_implicit,mw_2510,300,80.401,90,0,0,1.8602,11,1.14922217174948,11.6358042626841,2,3749,1,0
aging_implicit,mw_2510,427,94.714,90,0,0,-0.9294,11.27,0.410822171749477,12.4958042626841,3,16951,1,0
aging_implicit,mw_2510,428,142.61,130,0,0,-9.0898,6.9471,-7.73547782825052,8.36750426268407,3,2714,1,0
aging_implicit,mw_2510,429,47.003,50,0,0,7.7594,8.3219,9.05722217174948,8.68280426268407,3,2566,1,0
aging_implicit,mw_2510,430,66.088,50,0,0,4.6537,10.496,6.00842217174948,10.2878042626841,3,2704,1,0
aging_implicit,mw_2510,431,84.747,90,0,0,1.049,11.41,0.244122171749477,11.2338042626841,3,2609,1,0
aging_implicit,mw_2510,432,121.9,130,0,0,-5.9542,9.564,-6.09187782825052,10.5178042626841,3,2455,1,0
aging_implicit,mw_2510,433,83.635,50,0,0,1.4289,12.81,3.79322217174948,11.5778042626841,3,4070,1,0
aging_implicit,mw_2510,434,88.968,90,0,0,0.2023,11.235,1.98289217174948,11.9218042626841,3,2603,1,0
aging_implicit,mw_2510,435,113.21,130,0,0,-4.4333,10.337,-4.28157782825052,11.3198042626841,3,2509,1,0
aging_implicit,mw_2510,436,69.739,50,0,0,3.9864,10.799,5.60342217174948,10.6318042626841,3,2570,1,0
aging_implicit,mw_2510,437,136.51,130,0,0,-8.27,7.8453,-8.49747782825052,9.25610426268407,3,2469,1,0
aging_implicit,mw_2510,438,102.69,90,0,0,-2.5041,11.118,-3.37647782825052,11.8938042626841,3,2509,1,0
aging_implicit,mw_2510,439,88.591,90,0,0,0.2814,11.437,-0.422877828250523,12.1518042626841,3,2509,1,0
aging_implicit,mw_2510,440,119.97,130,0,0,-5.7181,9.916,-5.54407782825052,10.8038042626841,3,2529,1,0
aging_implicit,mw_2510,441,68.879,50,0,0,4.232,10.956,4.50772217174948,10.3168042626841,3,2569,1,0
aging_implicit,mw_2510,442,123.26,130,0,0,-6.1528,9.3826,-6.80647782825052,10.3738042626841,3,2609,1,0
aging_implicit,mw_2510,443,95.452,90,0,0,-1.0649,11.157,-2.11407782825052,11.7218042626841,3,2509,1,0
aging_implicit,mw_2510,444,48.239,50,0,0,7.613,8.5263,2.84039217174948,4.84150426268407,3,2429,0,0
aging_implicit,mw_2510,571,54.601,50,0,0,6.5086,9.1588,7.46132217174948,8.79750426268407,4,2868,1,0
aging_implicit,mw_2510,572,96.644,90,0,0,-1.2957,11.123,-3.37647782825052,11.7498042626841,4,2589,1,0
aging_implicit,mw_2510,573,112.08,130,0,0,-4.1538,10.242,-4.37687782825052,10.8898042626841,4,2509,1,0
aging_implicit,mw_2510,574,91.021,90,0,0,-0.1998,11.206,-4.13867782825052,7.45010426268407,4,2569,0,0
aging_implicit,mw_2510,575,47.661,50,0,0,7.5553,8.2918,10.4150221717495,6.16010426268407,4,2553,1,0
aging_implicit,mw_2510,576,135.06,130,0,0,-8.0173,8.0003,-10.3314778282505,5.78750426268407,4,2449,1,0
aging_implicit,mw_2510,577,98.689,90,0,0,-1.7224,11.271,-0.803977828250523,12.0938042626841,4,2541,1,0
aging_implicit,mw_2510,578,119.88,130,0,0,-5.5713,9.6956,-6.04427782825052,10.1448042626841,4,2489,1,0
aging_implicit,mw_2510,579,67.852,50,0,0,4.4659,10.972,4.36482217174948,10.4888042626841,4,2449,1,0
aging_implicit,mw_2510,580,140.12,130,0,0,-8.4715,7.0792,-10.0694778282505,6.01680426268407,4,2390,1,0
aging_implicit,mw_2510,581,44.952,50,0,0,7.9503,7.9371,9.98622217174948,6.10280426268407,4,2310,1,0
aging_implicit,mw_2510,582,76.707,90,0,0,2.6097,11.046,3.03095217174948,11.8648042626841,4,2409,1,0
aging_implicit,mw_2510,583,91.913,90,0,0,-0.3775,11.303,-0.303777828250523,11.9218042626841,4,2450,1,0
aging_implicit,mw_2510,584,111.36,130,0,0,-4.1987,10.737,-5.06767782825052,11.0048042626841,4,2469,1,0
aging_implicit,mw_2510,585,68.304,50,0,0,4.2205,10.608,4.43632217174948,11.0618042626841,4,2350,1,0
aging_implicit,mw_2510,586,124.16,130,0,0,-6.3269,9.3246,-8.71247782825052,8.22410426268407,4,2409,1,0
aging_implicit,mw_2510,587,55.013,50,0,0,6.7939,9.7074,8.53322217174948,8.51080426268407,4,2409,1,0
aging_implicit,mw_2510,588,90.372,90,0,0,-0.0738,11.379,-2.51897782825052,11.7788042626841,4,2489,1,0
